1696118400000,0.47030000,0.47050000,0.46830000,0.46830000,306579.10000000,1696119299999,143880.11434000,513,116259.50000000,54574.48144000,0
1696119300000,0.46830000,0.46860000,0.46640000,0.46730000,524366.10000000,1696120199999,245139.48816000,621,255621.10000000,119487.04278000,0
1696120200000,0.46730000,0.46810000,0.46540000,0.46810000,378711.10000000,1696121099999,176626.90160000,628,139009.40000000,64843.90897000,0
1696121100000,0.46800000,0.46870000,0.46630000,0.46660000,405556.30000000,1696121999999,189535.05286000,573,189148.20000000,88432.85629000,0
1696122000000,0.46660000,0.46710000,0.46440000,0.46470000,334326.40000000,1696122899999,155677.97918000,624,155496.80000000,72388.30715000,0
1696122900000,0.46470000,0.46630000,0.46460000,0.46570000,411172.90000000,1696123799999,191398.43561000,468,201001.80000000,93562.09942000,0
1696123800000,0.46570000,0.46650000,0.46470000,0.46650000,406203.50000000,1696124699999,189153.34264000,453,221309.30000000,103091.06476000,0
1696124700000,0.46650000,0.46820000,0.46640000,0.46690000,194013.40000000,1696125599999,90682.60042000,325,112071.10000000,52383.78829000,0
1696125600000,0.46700000,0.46820000,0.46700000,0.46770000,169883.40000000,1696126499999,79455.03375000,283,88361.70000000,41327.52628000,0
1696126500000,0.46780000,0.46890000,0.46780000,0.46790000,542940.50000000,1696127399999,254342.29065000,390,433005.00000000,202833.11762000,0
1696127400000,0.46800000,0.46840000,0.46510000,0.46590000,819795.40000000,1696128299999,382038.70464000,461,120480.70000000,56186.76747000,0
1696128300000,0.46610000,0.46670000,0.46530000,0.46550000,324586.50000000,1696129199999,151311.00226000,319,232620.30000000,108466.99345000,0
1696129200000,0.46560000,0.46650000,0.46540000,0.46610000,150373.90000000,1696130099999,70061.92099000,240,74624.80000000,34766.05424000,0
1696130100000,0.46620000,0.46810000,0.46590000,0.46740000,384870.60000000,1696130999999,179962.88652000,311,264897.10000000,123845.66301000,0
1696131000000,0.46740000,0.47000000,0.46740000,0.46960000,414559.90000000,1696131899999,194268.00684000,512,227976.40000000,106838.87924000,0
1696131900000,0.46940000,0.47130000,0.46940000,0.47130000,175239.90000000,1696132799999,82446.60970000,317,115836.90000000,54494.16836000,0
1696132800000,0.47130000,0.47210000,0.46950000,0.46950000,276848.70000000,1696133699999,130464.39914000,439,129752.60000000,61155.05311000,0
1696133700000,0.46950000,0.47120000,0.46930000,0.47000000,112881.30000000,1696134599999,53084.55818000,234,58816.30000000,27656.44622000,0
1696134600000,0.46990000,0.47120000,0.46970000,0.47110000,142674.80000000,1696135499999,67147.65335000,210,83794.10000000,39426.74061000,0
1696135500000,0.47120000,0.47260000,0.47090000,0.47260000,116263.70000000,1696136399999,54848.21585000,247,59453.20000000,28041.17769000,0
1696136400000,0.47250000,0.47340000,0.47170000,0.47340000,149458.40000000,1696137299999,70606.68817000,304,95314.80000000,45031.10177000,0
1696137300000,0.47350000,0.47700000,0.47350000,0.47650000,435532.90000000,1696138199999,207029.73330000,761,314005.70000000,149258.83227000,0
1696138200000,0.47670000,0.47750000,0.47590000,0.47740000,469967.80000000,1696139099999,224022.72732000,639,206886.50000000,98622.45706000,0
1696139100000,0.47750000,0.47850000,0.47570000,0.47730000,290678.50000000,1696139999999,138749.07461000,441,184812.90000000,88238.44751000,0
1696140000000,0.47730000,0.48140000,0.47700000,0.47880000,703056.50000000,1696140899999,337151.07781000,1158,409773.70000000,196494.55860000,0
1696140900000,0.47880000,0.47930000,0.47700000,0.47750000,179931.60000000,1696141799999,86013.70322000,366,101362.60000000,48446.68576000,0
1696141800000,0.47750000,0.47830000,0.47640000,0.47680000,220741.40000000,1696142699999,105372.94321000,420,107574.30000000,51347.06162000,0
1696142700000,0.47680000,0.47950000,0.47670000,0.47750000,755870.90000000,1696143599999,361429.53846000,768,419206.90000000,200505.56090000,0
1696143600000,0.47730000,0.47820000,0.47730000,0.47790000,251336.60000000,1696144499999,120091.73033000,258,88422.80000000,42246.73109000,0
1696144500000,0.47790000,0.47790000,0.47470000,0.47550000,366822.20000000,1696145399999,174677.13077000,532,150706.10000000,71775.83331000,0
1696145400000,0.47550000,0.47550000,0.47440000,0.47480000,478247.40000000,1696146299999,227176.11484000,433,216808.70000000,102969.96984000,0
1696146300000,0.47480000,0.47600000,0.47470000,0.47510000,257627.40000000,1696147199999,122493.87212000,313,104112.10000000,49502.57782000,0
1696147200000,0.47510000,0.47530000,0.47320000,0.47340000,269538.90000000,1696148099999,127739.71358000,357,96287.80000000,45627.01626000,0
1696148100000,0.47340000,0.47430000,0.47310000,0.47380000,168899.40000000,1696148999999,79988.32171000,251,76007.30000000,35991.97939000,0
1696149000000,0.47380000,0.47400000,0.47290000,0.47370000,235860.20000000,1696149899999,111685.15154000,253,128674.60000000,60942.17938000,0
1696149900000,0.47370000,0.47550000,0.47320000,0.47320000,445292.30000000,1696150799999,211271.44367000,434,274825.90000000,130435.74986000,0
1696150800000,0.47330000,0.47370000,0.47060000,0.47150000,282763.30000000,1696151699999,133505.84786000,412,97012.30000000,45827.80359000,0
1696151700000,0.47160000,0.47530000,0.47160000,0.47470000,647954.60000000,1696152599999,306622.29202000,872,448056.00000000,212025.03599000,0
1696152600000,0.47480000,0.47630000,0.47340000,0.47610000,833301.10000000,1696153499999,395863.94671000,910,510961.90000000,242812.87931000,0
1696153500000,0.47600000,0.48130000,0.47600000,0.47910000,1168488.30000000,1696154399999,560096.20175000,1564,688147.10000000,329820.21180000,0
1696154400000,0.47930000,0.48480000,0.47930000,0.48300000,1485386.50000000,1696155299999,716786.66528000,2562,717428.90000000,346140.71160000,0
1696155300000,0.48300000,0.48300000,0.47910000,0.48030000,1223316.80000000,1696156199999,588103.33930000,1753,579971.70000000,278823.79850000,0
1696156200000,0.48020000,0.48230000,0.47800000,0.48040000,649656.10000000,1696157099999,311896.35418000,839,382165.10000000,183573.41636000,0
1696157100000,0.48020000,0.48410000,0.48010000,0.48310000,580170.30000000,1696157999999,280099.84837000,810,312773.30000000,150963.68637000,0
1696158000000,0.48300000,0.48320000,0.48050000,0.48270000,314860.70000000,1696158899999,151627.22317000,434,181719.00000000,87521.94703000,0
1696158900000,0.48280000,0.48400000,0.48110000,0.48370000,535251.40000000,1696159799999,258475.82776000,606,250997.90000000,121184.57414000,0
1696159800000,0.48360000,0.48550000,0.48230000,0.48250000,951586.10000000,1696160699999,460242.30208000,771,367552.30000000,177754.41110000,0
1696160700000,0.48250000,0.48280000,0.47960000,0.48110000,738991.50000000,1696161599999,355504.49923000,776,293758.60000000,141335.02580000,0
1696161600000,0.48120000,0.48210000,0.47830000,0.47840000,618467.70000000,1696162499999,297357.31889000,703,327450.90000000,157550.62052000,0
1696162500000,0.47830000,0.47980000,0.47700000,0.47970000,535836.20000000,1696163399999,256280.90731000,660,207426.10000000,99236.07362000,0
1696163400000,0.47960000,0.48050000,0.47910000,0.48020000,262257.40000000,1696164299999,125906.44035000,346,155252.20000000,74536.50695000,0
1696164300000,0.48020000,0.48170000,0.48020000,0.48160000,290622.10000000,1696165199999,139816.70834000,339,186792.40000000,89852.54641000,0
1696165200000,0.48150000,0.48160000,0.47880000,0.47900000,268362.90000000,1696166099999,128843.75932000,423,138202.20000000,66337.24395000,0
1696166100000,0.47900000,0.48030000,0.47880000,0.48030000,232385.50000000,1696166999999,111485.15590000,304,130643.70000000,62669.94018000,0
1696167000000,0.48040000,0.48320000,0.47930000,0.48280000,372898.20000000,1696167899999,179402.80908000,652,234112.90000000,112609.54659000,0
1696167900000,0.48270000,0.48400000,0.48230000,0.48350000,338718.60000000,1696168799999,163708.60623000,753,206862.50000000,99977.52579000,0
1696168800000,0.48360000,0.48490000,0.48280000,0.48320000,347530.00000000,1696169699999,168107.44266000,592,168225.00000000,81366.48393000,0
1696169700000,0.48300000,0.48830000,0.48250000,0.48830000,756979.30000000,1696170599999,367741.42907000,1123,419756.90000000,203848.99651000,0
1696170600000,0.48830000,0.48870000,0.48070000,0.48170000,1184833.10000000,1696171499999,573996.50068000,1760,509652.50000000,246902.46548000,0
1696171500000,0.48150000,0.48300000,0.47890000,0.48020000,822825.40000000,1696172399999,395675.29556000,1219,385108.80000000,185228.10382000,0
1696172400000,0.48020000,0.48290000,0.47940000,0.48270000,536248.30000000,1696173299999,257959.77482000,792,252317.40000000,121404.04909000,0
1696173300000,0.48280000,0.48280000,0.47980000,0.48170000,399468.80000000,1696174199999,192032.52490000,437,138797.20000000,66743.55581000,0
1696174200000,0.48170000,0.48200000,0.48060000,0.48140000,205526.30000000,1696175099999,98919.70888000,325,94368.00000000,45421.24125000,0
1696175100000,0.48130000,0.48150000,0.48010000,0.48100000,171555.70000000,1696175999999,82461.70587000,318,82537.40000000,39672.02230000,0
1696176000000,0.48100000,0.48280000,0.48010000,0.48280000,301088.50000000,1696176899999,145011.19287000,470,189536.30000000,91295.89463000,0
1696176900000,0.48280000,0.48550000,0.48140000,0.48420000,372627.90000000,1696177799999,180132.23985000,636,245272.60000000,118610.01907000,0
1696177800000,0.48410000,0.48500000,0.48190000,0.48290000,482947.30000000,1696178699999,233602.03742000,697,210478.20000000,101774.47982000,0
1696178700000,0.48290000,0.48550000,0.48220000,0.48470000,334794.50000000,1696179599999,162142.91252000,494,215608.80000000,104410.58166000,0
1696179600000,0.48460000,0.48980000,0.48380000,0.48760000,887538.40000000,1696180499999,432403.24597000,1416,486847.50000000,237254.75034000,0
1696180500000,0.48770000,0.48960000,0.48560000,0.48870000,588634.70000000,1696181399999,287049.41724000,848,328152.20000000,160052.92597000,0
1696181400000,0.48890000,0.48940000,0.48570000,0.48570000,470913.30000000,1696182299999,229463.98394000,806,200805.00000000,97830.15493000,0
1696182300000,0.48580000,0.48620000,0.48130000,0.48240000,831873.80000000,1696183199999,402399.86712000,1320,382221.80000000,184825.68279000,0
1696183200000,0.48240000,0.48790000,0.48180000,0.48680000,606766.50000000,1696184099999,294517.56120000,840,395573.70000000,192008.71603000,0
1696184100000,0.48690000,0.48780000,0.48580000,0.48650000,340051.10000000,1696184999999,165522.70631000,484,182114.40000000,88667.29234000,0
1696185000000,0.48650000,0.48800000,0.48570000,0.48570000,262768.00000000,1696185899999,127880.24461000,439,111463.20000000,54232.49178000,0
1696185900000,0.48580000,0.48590000,0.48370000,0.48440000,186436.40000000,1696186799999,90379.59911000,326,74596.30000000,36199.33340000,0
1696186800000,0.48430000,0.48570000,0.48370000,0.48500000,158762.40000000,1696187699999,76954.25900000,390,89300.90000000,43292.64852000,0
1696187700000,0.48490000,0.48590000,0.48450000,0.48590000,131774.90000000,1696188599999,63956.88805000,259,65753.60000000,31908.23588000,0
1696188600000,0.48590000,0.48840000,0.48560000,0.48810000,269366.50000000,1696189499999,131285.52267000,577,155791.10000000,75920.27335000,0
1696189500000,0.48810000,0.48900000,0.48670000,0.48890000,356052.30000000,1696190399999,173749.25485000,734,220657.80000000,107666.25928000,0
1696190400000,0.48880000,0.49270000,0.48550000,0.49180000,844658.70000000,1696191299999,413659.78997000,1659,517631.50000000,253660.53898000,0
1696191300000,0.49180000,0.49330000,0.48870000,0.48880000,726971.30000000,1696192199999,357172.88994000,1127,383473.00000000,188419.44222000,0
1696192200000,0.48890000,0.48950000,0.48710000,0.48850000,597820.60000000,1696193099999,291976.79409000,883,307426.10000000,150153.94564000,0
1696193100000,0.48850000,0.49150000,0.48850000,0.49150000,377158.50000000,1696193999999,184876.23928000,625,231895.30000000,113679.70183000,0
1696194000000,0.49150000,0.49230000,0.49050000,0.49200000,288137.80000000,1696194899999,141653.66065000,490,173134.00000000,85113.11995000,0
1696194900000,0.49190000,0.49290000,0.49090000,0.49180000,394074.40000000,1696195799999,193868.18091000,663,168260.50000000,82750.65568000,0
1696195800000,0.49180000,0.49190000,0.48820000,0.48990000,266264.50000000,1696196699999,130356.45329000,418,130118.40000000,63685.89233000,0
1696196700000,0.48990000,0.49030000,0.48870000,0.49030000,166660.30000000,1696197599999,81539.31730000,215,47573.10000000,23277.90420000,0
1696197600000,0.49020000,0.49180000,0.48920000,0.49150000,320030.50000000,1696198499999,157059.60569000,494,181238.80000000,88956.29270000,0
1696198500000,0.49160000,0.50000000,0.49150000,0.49730000,2924958.90000000,1696199399999,1454205.77080000,6231,1527488.20000000,759403.01700000,0
1696199400000,0.49730000,0.50500000,0.49730000,0.50290000,1830397.50000000,1696200299999,917757.48196000,3645,1118474.40000000,560733.18477000,0
1696200300000,0.50300000,0.50990000,0.50110000,0.50820000,1876043.20000000,1696201199999,949149.78804000,3403,1002665.30000000,507285.16470000,0
1696201200000,0.50810000,0.50860000,0.50280000,0.50380000,866181.30000000,1696202099999,437551.21331000,1623,445217.70000000,224909.92081000,0
1696202100000,0.50370000,0.50390000,0.49970000,0.50000000,702147.90000000,1696202999999,352368.96273000,1000,435409.10000000,218621.44991000,0
1696203000000,0.50000000,0.50420000,0.49940000,0.50400000,691434.30000000,1696203899999,346820.02814000,1041,470019.50000000,235709.72852000,0
1696203900000,0.50390000,0.50710000,0.50320000,0.50700000,754098.40000000,1696204799999,380517.27063000,1045,433976.80000000,219059.52476000,0
1696204800000,0.50710000,0.50770000,0.50180000,0.50180000,564683.80000000,1696205699999,284733.30143000,1008,270971.10000000,136654.07184000,0
1696205700000,0.50180000,0.50380000,0.49940000,0.50050000,665876.90000000,1696206599999,333920.62252000,965,256533.70000000,128767.25665000,0
1696206600000,0.50070000,0.50160000,0.49820000,0.50000000,588937.20000000,1696207499999,294203.60079000,945,355150.00000000,177407.59546000,0
1696207500000,0.49990000,0.50060000,0.49710000,0.49740000,534244.50000000,1696208399999,266324.62588000,1066,199140.80000000,99291.17562000,0
1696208400000,0.49720000,0.49980000,0.49590000,0.49610000,518004.00000000,1696209299999,258102.19270000,937,270884.90000000,134984.18478000,0
1696209300000,0.49610000,0.49880000,0.49510000,0.49780000,682367.80000000,1696210199999,339085.81130000,955,444385.70000000,220924.14058000,0
1696210200000,0.49790000,0.49910000,0.49720000,0.49910000,340186.70000000,1696211099999,169451.69276000,479,144133.00000000,71829.09035000,0
1696211100000,0.49910000,0.49940000,0.49780000,0.49850000,157290.80000000,1696211999999,78431.89206000,232,69179.50000000,34487.91510000,0
1696212000000,0.49860000,0.49900000,0.49610000,0.49690000,291637.60000000,1696212899999,144933.62776000,462,107382.70000000,53400.24654000,0
1696212900000,0.49690000,0.49910000,0.49660000,0.49900000,274062.70000000,1696213799999,136431.68806000,302,132115.40000000,65767.21339000,0
1696213800000,0.49900000,0.50220000,0.49860000,0.50110000,279084.20000000,1696214699999,139663.61062000,503,178240.20000000,89170.19153000,0
1696214700000,0.50120000,0.50270000,0.50030000,0.50130000,454230.80000000,1696215599999,227669.81974000,701,234519.50000000,117593.29366000,0
1696215600000,0.50130000,0.50140000,0.49880000,0.49940000,225388.30000000,1696216499999,112728.54222000,401,123375.50000000,61704.15838000,0
1696216500000,0.49940000,0.50140000,0.49930000,0.50080000,490352.80000000,1696217399999,245436.35845000,589,295879.10000000,148093.89768000,0
1696217400000,0.50070000,0.50190000,0.49830000,0.50100000,431745.30000000,1696218299999,215938.93819000,664,278751.40000000,139386.92131000,0
1696218300000,0.50090000,0.50090000,0.49700000,0.49730000,831767.00000000,1696219199999,413978.13897000,910,254236.90000000,126590.17580000,0
1696219200000,0.49710000,0.49750000,0.49390000,0.49390000,489007.60000000,1696220099999,242347.59659000,837,186716.50000000,92543.86650000,0
1696220100000,0.49380000,0.49530000,0.49360000,0.49410000,370102.10000000,1696220999999,183065.17027000,520,233924.00000000,115716.67161000,0
1696221000000,0.49410000,0.49500000,0.49290000,0.49340000,418185.90000000,1696221899999,206523.78614000,616,255437.10000000,126190.52792000,0
1696221900000,0.49370000,0.49540000,0.49350000,0.49500000,254058.00000000,1696222799999,125666.90926000,394,155483.10000000,76904.03734000,0
1696222800000,0.49510000,0.49520000,0.49360000,0.49430000,265394.60000000,1696223699999,131154.08364000,368,130337.90000000,64411.99947000,0
1696223700000,0.49450000,0.49540000,0.49300000,0.49480000,574079.40000000,1696224599999,283849.06335000,563,264573.30000000,130850.84061000,0
1696224600000,0.49480000,0.49480000,0.48860000,0.49060000,786130.70000000,1696225499999,386370.42805000,1252,303912.60000000,149360.03597000,0
1696225500000,0.49050000,0.49210000,0.49050000,0.49190000,257694.30000000,1696226399999,126570.16424000,443,147172.10000000,72292.53997000,0
1696226400000,0.49200000,0.49400000,0.49180000,0.49320000,377358.80000000,1696227299999,186009.23361000,571,239739.10000000,118157.88674000,0
1696227300000,0.49330000,0.49520000,0.49270000,0.49510000,268771.00000000,1696228199999,132782.04030000,389,132409.80000000,65439.70745000,0
1696228200000,0.49510000,0.49530000,0.49400000,0.49530000,255003.10000000,1696229099999,126180.99593000,348,165791.70000000,82045.13909000,0
1696229100000,0.49520000,0.49560000,0.49440000,0.49530000,246941.60000000,1696229999999,122269.03078000,305,119008.60000000,58924.11899000,0
1696230000000,0.49530000,0.49550000,0.49310000,0.49320000,140385.20000000,1696230899999,69397.94260000,269,66913.40000000,33076.24886000,0
1696230900000,0.49330000,0.49540000,0.49330000,0.49450000,307854.30000000,1696231799999,152212.93501000,403,176768.20000000,87388.15024000,0
1696231800000,0.49420000,0.49720000,0.49410000,0.49640000,488969.00000000,1696232699999,242271.36648000,792,306428.70000000,151806.93765000,0
1696232700000,0.49650000,0.49790000,0.49550000,0.49610000,282805.10000000,1696233599999,140445.70746000,570,133154.90000000,66131.79890000,0
1696233600000,0.49610000,0.49670000,0.49450000,0.49610000,341426.60000000,1696234499999,169193.50062000,606,202826.50000000,100527.77138000,0
1696234500000,0.49600000,0.49740000,0.49580000,0.49720000,358772.90000000,1696235399999,178261.97352000,523,246166.70000000,122322.41525000,0
1696235400000,0.49730000,0.49860000,0.49600000,0.49650000,330717.90000000,1696236299999,164556.20007000,547,161811.00000000,80525.71841000,0
1696236300000,0.49660000,0.49740000,0.49530000,0.49530000,404741.40000000,1696237199999,200825.07435000,480,229609.50000000,113905.93860000,0
1696237200000,0.49530000,0.49580000,0.49280000,0.49300000,325599.50000000,1696238099999,160872.84352000,437,112716.20000000,55684.09034000,0
1696238100000,0.49310000,0.49380000,0.49120000,0.49350000,355494.70000000,1696238999999,175104.79095000,512,129273.10000000,63666.50657000,0
1696239000000,0.49350000,0.49410000,0.49310000,0.49310000,265704.80000000,1696239899999,131170.94365000,307,65600.90000000,32391.47001000,0
1696239900000,0.49310000,0.49420000,0.49290000,0.49300000,236009.30000000,1696240799999,116473.75621000,285,115444.60000000,56986.15958000,0
1696240800000,0.49310000,0.49360000,0.49290000,0.49330000,158687.80000000,1696241699999,78259.45925000,246,78098.10000000,38518.43740000,0
1696241700000,0.49340000,0.49510000,0.49260000,0.49500000,300325.90000000,1696242599999,148242.02390000,396,156702.50000000,77391.41857000,0
1696242600000,0.49490000,0.49530000,0.49360000,0.49450000,185438.10000000,1696243499999,91732.78015000,266,123300.50000000,61009.07815000,0
1696243500000,0.49460000,0.49480000,0.49330000,0.49370000,178360.80000000,1696244399999,88089.12576000,247,65146.20000000,32174.23661000,0
1696244400000,0.49370000,0.49410000,0.49060000,0.49150000,522631.70000000,1696245299999,256927.65647000,651,150517.90000000,74011.92360000,0
1696245300000,0.49150000,0.49310000,0.49130000,0.49250000,304260.60000000,1696246199999,149706.67262000,435,159202.90000000,78331.95736000,0
1696246200000,0.49250000,0.49280000,0.49000000,0.49040000,298925.40000000,1696247099999,146886.97369000,426,151793.50000000,74567.08367000,0
1696247100000,0.49040000,0.49050000,0.48840000,0.48920000,756948.80000000,1696247999999,370339.06320000,957,318863.30000000,155997.58878000,0
1696248000000,0.48910000,0.49010000,0.48780000,0.48990000,225825.40000000,1696248899999,110444.58756000,372,128260.00000000,62748.61734000,0
1696248900000,0.48990000,0.49150000,0.48900000,0.49140000,214213.10000000,1696249799999,105034.19865000,336,129241.30000000,63380.74074000,0
1696249800000,0.49150000,0.49190000,0.49040000,0.49100000,303033.10000000,1696250699999,148818.88565000,455,155862.60000000,76553.31651000,0
1696250700000,0.49110000,0.49150000,0.48970000,0.49000000,309315.70000000,1696251599999,151740.04185000,415,97417.30000000,47788.76978000,0
1696251600000,0.48990000,0.49040000,0.48810000,0.48860000,243732.10000000,1696252499999,119218.44103000,338,105212.10000000,51454.03871000,0
1696252500000,0.48860000,0.48970000,0.48650000,0.48720000,504160.40000000,1696253399999,246311.57691000,582,256547.20000000,125469.88901000,0
1696253400000,0.48700000,0.49040000,0.48580000,0.49020000,251988.90000000,1696254299999,123206.06209000,555,144170.40000000,70489.12658000,0
1696254300000,0.49020000,0.49020000,0.48740000,0.48940000,358644.00000000,1696255199999,175170.02299000,498,130474.10000000,63764.31123000,0
1696255200000,0.48960000,0.48990000,0.48280000,0.48340000,916188.70000000,1696256099999,445125.47865000,1420,397946.80000000,193475.52303000,0
1696256100000,0.48330000,0.48420000,0.48140000,0.48320000,614354.20000000,1696256999999,296562.34477000,1129,249989.40000000,120692.31458000,0
1696257000000,0.48320000,0.48510000,0.48320000,0.48430000,286695.60000000,1696257899999,138792.89854000,542,155035.00000000,75052.51752000,0
1696257900000,0.48430000,0.48560000,0.48310000,0.48490000,326010.70000000,1696258799999,158017.04090000,360,248100.60000000,120291.56269000,0
1696258800000,0.48500000,0.48570000,0.48390000,0.48410000,177818.70000000,1696259699999,86198.53372000,345,94229.50000000,45670.60536000,0
1696259700000,0.48420000,0.48500000,0.48280000,0.48440000,334810.80000000,1696260599999,162047.73417000,400,168540.90000000,81579.66031000,0
1696260600000,0.48440000,0.48450000,0.48080000,0.48100000,261851.10000000,1696261499999,126394.93929000,434,71941.30000000,34744.90881000,0
1696261500000,0.48100000,0.48130000,0.47410000,0.47640000,1370661.00000000,1696262399999,654299.89345000,2212,521437.10000000,248810.12636000,0
1696262400000,0.47630000,0.47940000,0.47400000,0.47920000,781450.60000000,1696263299999,372193.46162000,1279,412718.10000000,196689.29725000,0
1696263300000,0.47900000,0.47960000,0.47810000,0.47940000,434209.90000000,1696264199999,207978.57637000,616,242442.30000000,116117.02701000,0
1696264200000,0.47940000,0.47960000,0.47830000,0.47890000,237964.10000000,1696265099999,113977.79546000,414,116833.90000000,55952.40827000,0
1696265100000,0.47870000,0.48000000,0.47670000,0.47730000,242497.80000000,1696265999999,115887.77831000,417,80376.00000000,38420.20052000,0
1696266000000,0.47730000,0.47760000,0.47520000,0.47710000,234713.10000000,1696266899999,111784.10315000,480,128938.50000000,61407.74951000,0
1696266900000,0.47710000,0.47860000,0.47650000,0.47850000,161663.60000000,1696267799999,77220.17228000,275,107381.10000000,51291.81923000,0
1696267800000,0.47860000,0.47960000,0.47810000,0.47950000,140317.30000000,1696268699999,67233.29319000,211,75861.40000000,36356.98091000,0
1696268700000,0.47960000,0.47980000,0.47820000,0.47870000,72331.50000000,1696269599999,34650.47906000,156,28868.20000000,13832.12910000,0
1696269600000,0.47870000,0.47980000,0.47820000,0.47960000,117403.30000000,1696270499999,56236.16223000,197,65285.20000000,31278.81831000,0
1696270500000,0.47960000,0.47960000,0.47690000,0.47720000,170880.50000000,1696271399999,81664.78184000,409,80558.30000000,38488.74832000,0
1696271400000,0.47720000,0.47810000,0.46120000,0.46630000,2031332.90000000,1696272299999,950648.90511000,3629,840620.40000000,392937.84572000,0
1696272300000,0.46620000,0.46970000,0.46550000,0.46660000,432715.40000000,1696273199999,202477.36435000,930,235166.40000000,110030.43140000,0
1696273200000,0.46660000,0.46790000,0.46400000,0.46590000,670336.80000000,1696274099999,312182.48574000,1133,302766.90000000,140995.23003000,0
1696274100000,0.46610000,0.46740000,0.46530000,0.46730000,224129.70000000,1696274999999,104582.66754000,398,115157.00000000,53737.68984000,0
1696275000000,0.46730000,0.46920000,0.46720000,0.46750000,257610.80000000,1696275899999,120595.25132000,415,153417.40000000,71820.65278000,0
1696275900000,0.46750000,0.47040000,0.46730000,0.47030000,211934.10000000,1696276799999,99492.94708000,381,96567.30000000,45315.29033000,0
1696276800000,0.47030000,0.47030000,0.46730000,0.46830000,178820.30000000,1696277699999,83790.62972000,264,83752.40000000,39234.55062000,0
1696277700000,0.46830000,0.46860000,0.46720000,0.46730000,283629.10000000,1696278599999,132735.90988000,283,201068.10000000,94104.23757000,0
1696278600000,0.46740000,0.46800000,0.46700000,0.46760000,242801.40000000,1696279499999,113531.34006000,219,153571.40000000,71815.12462000,0
1696279500000,0.46760000,0.46860000,0.46720000,0.46810000,170581.40000000,1696280399999,79876.20571000,233,95935.10000000,44923.24113000,0
1696280400000,0.46820000,0.46830000,0.46660000,0.46700000,221583.70000000,1696281299999,103520.10891000,427,126072.30000000,58886.92432000,0
1696281300000,0.46690000,0.46850000,0.46670000,0.46790000,149336.00000000,1696282199999,69910.28278000,272,104960.70000000,49137.31901000,0
1696282200000,0.46790000,0.46800000,0.46210000,0.46350000,488329.10000000,1696283099999,227069.63357000,1072,271046.20000000,126102.44506000,0
1696283100000,0.46370000,0.46460000,0.45790000,0.46430000,793870.10000000,1696283999999,366308.42803000,1994,346301.20000000,159882.82712000,0
1696284000000,0.46440000,0.46450000,0.46240000,0.46370000,1036889.30000000,1696284899999,480810.79831000,1238,551948.10000000,255994.74948000,0
1696284900000,0.46370000,0.46720000,0.46360000,0.46700000,415439.10000000,1696285799999,193472.93930000,689,267765.50000000,124700.59005000,0
1696285800000,0.46710000,0.46730000,0.46490000,0.46510000,265723.50000000,1696286699999,123920.04151000,429,149597.10000000,69776.98407000,0
1696286700000,0.46510000,0.46650000,0.46510000,0.46640000,156569.40000000,1696287599999,72917.43846000,257,71522.40000000,33310.17973000,0
1696287600000,0.46630000,0.46720000,0.46550000,0.46550000,360409.20000000,1696288499999,168133.45806000,491,212087.00000000,98943.23252000,0
1696288500000,0.46560000,0.46720000,0.46550000,0.46700000,137408.30000000,1696289399999,64120.92581000,281,70090.10000000,32709.79150000,0
1696289400000,0.46700000,0.46850000,0.46680000,0.46830000,157741.80000000,1696290299999,73765.51305000,331,97130.50000000,45424.70614000,0
1696290300000,0.46830000,0.46840000,0.46590000,0.46630000,169145.40000000,1696291199999,79045.02247000,266,44748.70000000,20915.12300000,0
1696291200000,0.46630000,0.46690000,0.46450000,0.46540000,305712.00000000,1696292099999,142273.87819000,470,155057.50000000,72173.23129000,0
1696292100000,0.46550000,0.46680000,0.46400000,0.46680000,257084.00000000,1696292999999,119657.43138000,366,138052.70000000,64286.45659000,0
1696293000000,0.46690000,0.46800000,0.46660000,0.46770000,424652.90000000,1696293899999,198521.77471000,521,247638.90000000,115777.27974000,0
1696293900000,0.46770000,0.46800000,0.46630000,0.46770000,387487.70000000,1696294799999,181047.78186000,521,147351.10000000,68857.38677000,0
1696294800000,0.46760000,0.46760000,0.46400000,0.46580000,256089.10000000,1696295699999,119342.21795000,449,101887.10000000,47482.07893000,0
1696295700000,0.46550000,0.46580000,0.46490000,0.46570000,177962.70000000,1696296599999,82834.27500000,293,84127.30000000,39159.75043000,0
1696296600000,0.46570000,0.46680000,0.46510000,0.46680000,232064.30000000,1696297499999,108168.13034000,373,112003.40000000,52214.65074000,0
1696297500000,0.46680000,0.46850000,0.46670000,0.46800000,174932.50000000,1696298399999,81776.71214000,289,117414.10000000,54888.51977000,0
1696298400000,0.46810000,0.46840000,0.46690000,0.46720000,379617.80000000,1696299299999,177595.57236000,349,302166.50000000,141392.26726000,0
1696299300000,0.46720000,0.46750000,0.46610000,0.46620000,142346.20000000,1696300199999,66464.25343000,190,47618.60000000,22245.03818000,0
1696300200000,0.46600000,0.46620000,0.46540000,0.46540000,279451.60000000,1696301099999,130179.41695000,285,107561.10000000,50107.51079000,0
1696301100000,0.46530000,0.46720000,0.46520000,0.46720000,280974.20000000,1696301999999,130925.26187000,302,141684.00000000,66035.01148000,0
1696302000000,0.46720000,0.46870000,0.46630000,0.46650000,531628.40000000,1696302899999,248585.98669000,649,314190.10000000,146918.28022000,0
1696302900000,0.46660000,0.46690000,0.46430000,0.46450000,241536.30000000,1696303799999,112384.22326000,331,87637.30000000,40763.26726000,0
1696303800000,0.46440000,0.46660000,0.46430000,0.46530000,438857.20000000,1696304699999,204190.23218000,484,291729.70000000,135759.73128000,0
1696304700000,0.46510000,0.46540000,0.46420000,0.46540000,166288.00000000,1696305599999,77256.36240000,224,81715.20000000,37967.60495000,0
1696305600000,0.46530000,0.46530000,0.46300000,0.46340000,573447.00000000,1696306499999,266052.21867000,740,227365.50000000,105479.51001000,0
1696306500000,0.46350000,0.46420000,0.46090000,0.46090000,487839.60000000,1696307399999,225519.09721000,659,191068.50000000,88348.89450000,0
1696307400000,0.46090000,0.46320000,0.46040000,0.46240000,726601.70000000,1696308299999,335405.67443000,969,472872.60000000,218275.54077000,0
1696308300000,0.46260000,0.46380000,0.46220000,0.46350000,700483.10000000,1696309199999,324362.21980000,809,318643.50000000,147553.08134000,0
1696309200000,0.46340000,0.46370000,0.46150000,0.46180000,276811.80000000,1696310099999,128050.70579000,389,160410.70000000,74210.80699000,0
1696310100000,0.46190000,0.46230000,0.45920000,0.46020000,446157.50000000,1696310999999,205570.86339000,668,195663.20000000,90190.99214000,0
1696311000000,0.46020000,0.46170000,0.45980000,0.46140000,252895.80000000,1696311899999,116486.19845000,348,119023.70000000,54828.49650000,0
1696311900000,0.46130000,0.46160000,0.45900000,0.45970000,301340.80000000,1696312799999,138597.29152000,482,129754.30000000,59693.06553000,0
1696312800000,0.45970000,0.45980000,0.45650000,0.45790000,717104.80000000,1696313699999,328242.19004000,1100,374134.40000000,171246.20117000,0
1696313700000,0.45800000,0.45830000,0.45650000,0.45780000,325444.40000000,1696314599999,148851.14361000,602,145605.90000000,66605.81514000,0
1696314600000,0.45770000,0.46060000,0.45760000,0.45980000,374205.70000000,1696315499999,171999.26105000,698,172330.10000000,79174.45800000,0
1696315500000,0.45990000,0.46250000,0.45990000,0.46220000,811520.10000000,1696316399999,374770.62346000,966,598685.90000000,276512.26614000,0
1696316400000,0.46220000,0.46330000,0.46090000,0.46300000,637170.90000000,1696317299999,294548.97647000,881,394653.20000000,182414.49576000,0
1696317300000,0.46300000,0.46320000,0.46110000,0.46220000,205558.70000000,1696318199999,94974.80680000,344,93208.70000000,43065.50274000,0
1696318200000,0.46170000,0.46170000,0.45970000,0.46040000,424053.90000000,1696319099999,195381.61935000,437,129763.30000000,59767.71435000,0
1696319100000,0.46030000,0.46070000,0.45900000,0.45910000,212292.20000000,1696319999999,97579.55216000,297,94164.00000000,43298.91299000,0
1696320000000,0.45930000,0.46060000,0.45900000,0.46030000,166242.20000000,1696320899999,76467.44936000,296,114404.20000000,52622.27169000,0
1696320900000,0.46020000,0.46160000,0.46020000,0.46120000,204888.70000000,1696321799999,94425.25965000,257,131364.40000000,60530.20624000,0
1696321800000,0.46120000,0.46120000,0.45960000,0.46030000,271706.00000000,1696322699999,125097.49428000,369,156386.70000000,72002.76603000,0
1696322700000,0.46030000,0.46050000,0.45860000,0.45960000,445154.00000000,1696323599999,204619.80648000,466,271898.30000000,124956.88737000,0
1696323600000,0.45950000,0.46100000,0.45930000,0.46050000,223277.60000000,1696324499999,102755.50048000,321,113160.80000000,52084.96700000,0
1696324500000,0.46050000,0.46120000,0.45980000,0.45990000,210868.10000000,1696325399999,97063.82561000,260,83197.00000000,38295.26797000,0
1696325400000,0.45990000,0.46060000,0.45940000,0.45980000,119498.30000000,1696326299999,54954.21916000,245,73262.70000000,33690.51329000,0
1696326300000,0.45970000,0.46010000,0.45770000,0.45800000,309210.90000000,1696327199999,141872.72096000,365,122913.20000000,56377.26423000,0
1696327200000,0.45800000,0.45930000,0.45320000,0.45440000,1356932.90000000,1696328099999,619071.12857000,1707,476582.40000000,217499.21675000,0
1696328100000,0.45430000,0.45490000,0.45050000,0.45230000,1870134.90000000,1696328999999,846183.81264000,1917,571436.80000000,258739.34709000,0
1696329000000,0.45230000,0.45500000,0.45210000,0.45390000,409061.70000000,1696329899999,185598.09783000,591,247964.50000000,112515.35090000,0
1696329900000,0.45400000,0.45500000,0.45290000,0.45490000,278168.90000000,1696330799999,126379.41133000,347,212173.20000000,96412.24138000,0
1696330800000,0.45490000,0.45500000,0.45160000,0.45160000,283558.60000000,1696331699999,128468.50364000,427,129371.80000000,58599.61399000,0
1696331700000,0.45160000,0.45270000,0.45010000,0.45020000,829399.70000000,1696332599999,374210.29657000,1057,451981.10000000,203942.63322000,0
1696332600000,0.45030000,0.45110000,0.44840000,0.45080000,1107742.60000000,1696333499999,498303.11972000,1476,529046.70000000,238006.16848000,0
1696333500000,0.45080000,0.45230000,0.45080000,0.45230000,326066.30000000,1696334399999,147184.23041000,463,162350.60000000,73298.65184000,0
1696334400000,0.45220000,0.45220000,0.44730000,0.44820000,962566.20000000,1696335299999,432371.48386000,1588,451280.70000000,202642.40327000,0
1696335300000,0.44800000,0.44910000,0.44640000,0.44880000,1116205.10000000,1696336199999,500068.52933000,1372,589075.60000000,263895.07351000,0
1696336200000,0.44870000,0.44980000,0.44850000,0.44900000,254352.20000000,1696337099999,114225.73296000,375,135314.30000000,60761.90222000,0
1696337100000,0.44900000,0.45070000,0.44900000,0.45030000,434810.20000000,1696337999999,195532.09892000,529,288846.80000000,129905.12875000,0
1696338000000,0.45010000,0.45330000,0.44840000,0.45170000,1759617.60000000,1696338899999,793838.03478000,1867,1056170.00000000,476299.29912000,0
1696338900000,0.45180000,0.45390000,0.45160000,0.45370000,378334.20000000,1696339799999,171288.42235000,824,234039.70000000,105972.44761000,0
1696339800000,0.45370000,0.45500000,0.45310000,0.45440000,465945.60000000,1696340699999,211431.59892000,672,184240.20000000,83612.28468000,0
1696340700000,0.45450000,0.45500000,0.45320000,0.45480000,398824.40000000,1696341599999,181074.01363000,660,252004.90000000,114427.24851000,0
1696341600000,0.45470000,0.45470000,0.45130000,0.45250000,352515.10000000,1696342499999,159438.62262000,650,142927.20000000,64620.76292000,0
1696342500000,0.45240000,0.45250000,0.45000000,0.45170000,909817.00000000,1696343399999,410443.89032000,769,528297.40000000,238353.17968000,0
1696343400000,0.45170000,0.45320000,0.45040000,0.45240000,191165.60000000,1696344299999,86391.30107000,340,111838.90000000,50555.67773000,0
1696344300000,0.45220000,0.45280000,0.44870000,0.45230000,1314105.70000000,1696345199999,592893.14088000,907,548865.90000000,247814.88038000,0
1696345200000,0.45220000,0.45220000,0.44880000,0.45120000,401765.00000000,1696346099999,181127.08222000,453,158308.90000000,71290.88545000,0
1696346100000,0.45120000,0.45240000,0.45110000,0.45170000,174127.10000000,1696346999999,78686.69752000,301,77840.10000000,35174.78347000,0
1696347000000,0.45170000,0.45210000,0.45060000,0.45150000,158813.90000000,1696347899999,71714.38346000,296,102246.20000000,46172.09489000,0
1696347900000,0.45160000,0.45250000,0.45080000,0.45230000,185404.00000000,1696348799999,83817.26821000,274,108736.20000000,49166.83994000,0
1696348800000,0.45200000,0.45390000,0.45150000,0.45350000,307857.00000000,1696349699999,139446.12243000,524,170425.20000000,77182.03913000,0
1696349700000,0.45360000,0.45500000,0.45310000,0.45480000,481503.50000000,1696350599999,218637.85888000,715,215170.30000000,97710.13833000,0
1696350600000,0.45490000,0.45630000,0.45420000,0.45570000,559633.70000000,1696351499999,254844.69435000,756,377657.60000000,172023.55088000,0
1696351500000,0.45570000,0.45650000,0.45360000,0.45360000,281932.00000000,1696352399999,128382.64754000,521,107762.80000000,49097.75345000,0
1696352400000,0.45360000,0.45470000,0.45270000,0.45440000,166178.20000000,1696353299999,75439.53856000,305,89092.00000000,40449.00026000,0
1696353300000,0.45430000,0.45500000,0.45310000,0.45450000,215328.80000000,1696354199999,97764.13589000,410,109426.30000000,49683.24418000,0
1696354200000,0.45450000,0.45580000,0.45250000,0.45250000,158887.40000000,1696355099999,72203.94984000,264,66374.70000000,30177.04390000,0
1696355100000,0.45240000,0.45390000,0.45200000,0.45260000,281250.50000000,1696355999999,127457.54644000,292,151297.60000000,68593.00942000,0
1696356000000,0.45250000,0.45330000,0.45210000,0.45260000,112592.80000000,1696356899999,50973.09159000,205,53194.40000000,24079.75037000,0
1696356900000,0.45240000,0.45330000,0.45200000,0.45200000,141779.60000000,1696357799999,64169.14979000,204,64918.30000000,29382.39737000,0
1696357800000,0.45190000,0.45240000,0.45040000,0.45230000,344132.90000000,1696358699999,155321.72541000,418,135639.30000000,61227.23417000,0
1696358700000,0.45220000,0.45220000,0.44950000,0.44970000,284678.20000000,1696359599999,128370.91470000,381,104642.70000000,47188.41633000,0
1696359600000,0.44980000,0.45070000,0.44880000,0.45050000,811787.10000000,1696360499999,365113.70759000,661,391782.00000000,176284.60794000,0
1696360500000,0.45050000,0.45180000,0.44970000,0.45050000,251402.40000000,1696361399999,113302.60561000,247,125742.80000000,56663.20705000,0
1696361400000,0.45060000,0.45070000,0.44850000,0.44930000,301142.60000000,1696362299999,135290.98102000,315,117053.10000000,52597.51426000,0
1696362300000,0.44920000,0.45010000,0.44800000,0.44840000,332903.30000000,1696363199999,149378.99827000,407,148762.40000000,66747.75979000,0
1696363200000,0.44860000,0.44970000,0.44640000,0.44940000,673237.50000000,1696364099999,301506.90074000,863,261565.30000000,117102.81824000,0
1696364100000,0.44940000,0.45190000,0.44940000,0.45180000,190900.80000000,1696364999999,86031.93590000,343,106533.40000000,48025.84889000,0
1696365000000,0.45170000,0.45220000,0.45020000,0.45050000,354931.60000000,1696365899999,160215.61527000,343,162226.90000000,73228.80611000,0
1696365900000,0.45050000,0.45100000,0.44990000,0.45010000,99558.70000000,1696366799999,44824.84318000,161,63040.10000000,28380.17198000,0
1696366800000,0.45020000,0.45100000,0.44920000,0.44920000,191512.10000000,1696367699999,86198.39443000,272,98766.10000000,44456.35126000,0
1696367700000,0.44930000,0.44950000,0.44870000,0.44880000,154590.80000000,1696368599999,69421.57015000,246,69026.60000000,30995.76721000,0
1696368600000,0.44870000,0.44900000,0.44840000,0.44860000,192244.80000000,1696369499999,86261.34239000,241,129163.00000000,57960.40528000,0
1696369500000,0.44860000,0.45010000,0.44820000,0.44970000,80200.40000000,1696370399999,36022.91998000,153,47405.00000000,21293.65287000,0
1696370400000,0.44960000,0.45000000,0.44940000,0.45000000,126148.30000000,1696371299999,56711.93609000,234,88622.00000000,39841.67659000,0
1696371300000,0.45000000,0.45010000,0.44900000,0.44980000,145519.20000000,1696372199999,65420.79375000,269,87440.10000000,39305.77479000,0
1696372200000,0.44980000,0.45070000,0.44950000,0.45010000,192337.60000000,1696373099999,86556.77714000,262,94872.00000000,42693.96426000,0
1696373100000,0.45020000,0.45210000,0.44830000,0.45200000,546330.90000000,1696373999999,245671.64879000,806,307076.50000000,138065.28492000,0
1696374000000,0.45190000,0.45230000,0.44290000,0.44450000,3750055.30000000,1696374899999,1678769.59314000,2593,1854659.30000000,830554.09739000,0
1696374900000,0.44440000,0.44500000,0.44120000,0.44310000,830399.40000000,1696375799999,368315.25423000,1116,408433.40000000,181136.93815000,0
1696375800000,0.44300000,0.44500000,0.44230000,0.44480000,392713.80000000,1696376699999,174248.53157000,474,216913.20000000,96237.12594000,0
1696376700000,0.44490000,0.44610000,0.44340000,0.44450000,248947.50000000,1696377599999,110809.39184000,356,102321.10000000,45546.04334000,0
1696377600000,0.44440000,0.44470000,0.43540000,0.43850000,2012867.50000000,1696378499999,884050.19354000,3324,972580.30000000,427148.02728000,0
1696378500000,0.43860000,0.43970000,0.43400000,0.43510000,1296128.40000000,1696379399999,566044.85394000,1810,667112.80000000,291549.50699000,0
1696379400000,0.43520000,0.43590000,0.42520000,0.42970000,2542020.90000000,1696380299999,1095118.55013000,5285,1399088.00000000,603108.67015000,0
1696380300000,0.42990000,0.43290000,0.42900000,0.43180000,628005.50000000,1696381199999,270791.30794000,1051,416773.70000000,179655.10290000,0
1696381200000,0.43170000,0.43410000,0.42950000,0.43410000,514769.50000000,1696382099999,222313.60962000,725,194456.20000000,84059.00337000,0
1696382100000,0.43400000,0.43420000,0.43240000,0.43420000,414486.40000000,1696382999999,179466.26651000,484,138907.40000000,60152.81608000,0
1696383000000,0.43410000,0.43410000,0.43170000,0.43370000,294189.00000000,1696383899999,127350.29352000,390,176002.00000000,76199.12815000,0
1696383900000,0.43360000,0.43550000,0.43350000,0.43480000,230706.60000000,1696384799999,100240.06858000,340,104892.50000000,45573.05888000,0
1696384800000,0.43490000,0.43740000,0.43410000,0.43710000,314619.60000000,1696385699999,137084.05977000,488,184344.60000000,80360.08689000,0
1696385700000,0.43720000,0.43960000,0.43650000,0.43940000,581556.70000000,1696386599999,254831.48425000,711,390886.30000000,171251.79495000,0
1696386600000,0.43950000,0.43980000,0.43730000,0.43730000,216671.60000000,1696387499999,95068.73273000,296,83958.40000000,36821.21521000,0
1696387500000,0.43740000,0.44050000,0.43710000,0.43760000,463563.90000000,1696388399999,203376.74163000,746,156591.60000000,68702.96404000,0
1696388400000,0.43770000,0.43950000,0.43740000,0.43950000,288274.00000000,1696389299999,126371.65580000,388,190430.20000000,83474.09014000,0
1696389300000,0.43940000,0.44090000,0.43860000,0.43970000,294723.80000000,1696390199999,129716.83253000,419,142122.70000000,62538.08745000,0
1696390200000,0.43980000,0.44050000,0.43850000,0.43980000,253087.40000000,1696391099999,111289.61457000,255,143393.40000000,63067.92061000,0
1696391100000,0.43980000,0.44080000,0.43880000,0.43980000,299227.00000000,1696391999999,131672.16564000,300,140171.80000000,61662.22078000,0
1696392000000,0.43930000,0.44000000,0.43710000,0.43800000,316859.30000000,1696392899999,138885.39669000,468,126799.30000000,55579.36201000,0
1696392900000,0.43790000,0.43920000,0.43760000,0.43910000,100876.00000000,1696393799999,44232.85303000,158,42378.10000000,18574.55333000,0
1696393800000,0.43920000,0.43920000,0.43670000,0.43720000,181080.60000000,1696394699999,79286.57478000,245,44804.60000000,19615.26570000,0
1696394700000,0.43700000,0.43800000,0.43670000,0.43710000,138572.70000000,1696395599999,60576.98231000,225,72983.40000000,31901.81104000,0
1696395600000,0.43710000,0.43930000,0.43700000,0.43840000,457471.20000000,1696396499999,200505.12267000,532,328151.10000000,143815.46289000,0
1696396500000,0.43850000,0.44010000,0.43790000,0.44010000,232046.10000000,1696397399999,101851.47427000,319,141478.10000000,62113.98747000,0
1696397400000,0.44000000,0.44100000,0.43970000,0.44050000,305484.60000000,1696398299999,134536.99259000,327,129206.90000000,56903.21572000,0
1696398300000,0.44050000,0.44070000,0.43980000,0.44070000,169137.50000000,1696399199999,74471.08805000,199,88798.00000000,39096.65500000,0
1696399200000,0.44070000,0.44140000,0.43960000,0.44090000,364729.20000000,1696400099999,160656.30382000,373,152935.30000000,67375.45400000,0
1696400100000,0.44090000,0.44280000,0.43980000,0.44190000,309839.30000000,1696400999999,136639.72379000,457,218267.30000000,96257.69816000,0
1696401000000,0.44190000,0.44360000,0.44100000,0.44250000,808664.20000000,1696401899999,357730.52950000,655,315983.00000000,139899.45792000,0
1696401900000,0.44240000,0.44480000,0.44220000,0.44420000,1081477.40000000,1696402799999,480002.08087000,988,687364.70000000,305145.48100000,0
1696402800000,0.44420000,0.44530000,0.44350000,0.44450000,472874.30000000,1696403699999,210208.01310000,701,209514.30000000,93153.30831000,0
1696403700000,0.44450000,0.44510000,0.44330000,0.44330000,177196.70000000,1696404599999,78701.36964000,302,78224.10000000,34752.09240000,0
1696404600000,0.44360000,0.44410000,0.44200000,0.44350000,289478.90000000,1696405499999,128251.70871000,302,133554.40000000,59176.67166000,0
1696405500000,0.44340000,0.44440000,0.44270000,0.44440000,164074.60000000,1696406399999,72804.42740000,225,100059.00000000,44393.83380000,0
1696406400000,0.44400000,0.44500000,0.44330000,0.44370000,223928.60000000,1696407299999,99438.79279000,274,126037.80000000,55976.87390000,0
1696407300000,0.44360000,0.44500000,0.44300000,0.44490000,141540.60000000,1696408199999,62811.39943000,215,84806.20000000,37635.14051000,0
1696408200000,0.44490000,0.44740000,0.44370000,0.44620000,570718.30000000,1696409099999,254442.79795000,720,268285.80000000,119658.33606000,0
1696409100000,0.44600000,0.44610000,0.44390000,0.44500000,909463.10000000,1696409999999,404468.71524000,746,366049.30000000,162808.20416000,0
1696410000000,0.44510000,0.44690000,0.44470000,0.44500000,305802.70000000,1696410899999,136229.41482000,394,104923.50000000,46764.34040000,0
1696410900000,0.44500000,0.44500000,0.44120000,0.44220000,1513101.10000000,1696411799999,670115.03235000,1041,486800.40000000,215486.06277000,0
1696411800000,0.44210000,0.44330000,0.44140000,0.44150000,790624.50000000,1696412699999,349598.72265000,911,358502.70000000,158581.86225000,0
1696412700000,0.44160000,0.44370000,0.44090000,0.44330000,468419.90000000,1696413599999,207204.51671000,509,254127.80000000,112438.10575000,0
1696413600000,0.44300000,0.44340000,0.44190000,0.44300000,209340.70000000,1696414499999,92652.53432000,308,115675.70000000,51203.41465000,0
1696414500000,0.44300000,0.44330000,0.44180000,0.44280000,280448.70000000,1696415399999,124117.50465000,384,204478.60000000,90490.75899000,0
1696415400000,0.44280000,0.44560000,0.44260000,0.44440000,1095322.90000000,1696416299999,487034.23022000,612,711319.70000000,316201.74413000,0
1696416300000,0.44450000,0.44460000,0.44310000,0.44310000,258562.60000000,1696417199999,114793.65884000,217,66265.70000000,29417.61488000,0
1696417200000,0.44310000,0.44390000,0.44220000,0.44260000,539565.30000000,1696418099999,239035.77224000,402,314382.00000000,139263.78157000,0
1696418100000,0.44280000,0.44360000,0.44220000,0.44290000,177426.70000000,1696418999999,78597.77451000,239,94272.40000000,41744.69838000,0
1696419000000,0.44250000,0.44300000,0.44190000,0.44280000,136090.80000000,1696419899999,60206.24939000,169,36314.30000000,16067.46709000,0
1696419900000,0.44300000,0.44380000,0.44190000,0.44360000,228492.90000000,1696420799999,101149.11554000,213,142623.00000000,63132.81130000,0
1696420800000,0.44370000,0.44410000,0.44310000,0.44330000,167922.70000000,1696421699999,74480.02585000,194,73998.10000000,32822.75762000,0
1696421700000,0.44330000,0.44480000,0.44330000,0.44470000,184730.10000000,1696422599999,82025.13873000,271,105015.40000000,46634.31462000,0
1696422600000,0.44480000,0.44610000,0.44470000,0.44580000,353688.20000000,1696423499999,157535.76893000,540,172361.40000000,76770.03863000,0
1696423500000,0.44560000,0.44560000,0.44360000,0.44360000,215758.70000000,1696424399999,95905.24651000,251,98952.60000000,43979.59282000,0
1696424400000,0.44370000,0.44370000,0.44180000,0.44240000,262974.30000000,1696425299999,116366.08096000,416,72311.80000000,31989.16508000,0
1696425300000,0.44250000,0.44250000,0.43790000,0.43860000,464044.50000000,1696426199999,204073.07353000,886,143179.20000000,62964.57869000,0
1696426200000,0.43870000,0.44000000,0.43150000,0.43580000,1527037.60000000,1696427099999,665232.63784000,1967,670943.80000000,292231.28868000,0
1696427100000,0.43590000,0.43770000,0.43470000,0.43650000,457294.10000000,1696427999999,199741.79590000,583,130383.10000000,56906.36820000,0
1696428000000,0.43660000,0.43880000,0.43550000,0.43860000,423323.60000000,1696428899999,185181.82961000,625,261020.40000000,114171.81795000,0
1696428900000,0.43880000,0.43900000,0.43700000,0.43710000,243925.20000000,1696429799999,106848.94237000,407,92009.60000000,40307.46802000,0
1696429800000,0.43710000,0.43910000,0.43690000,0.43750000,258579.50000000,1696430699999,113193.71104000,391,64384.00000000,28203.52466000,0
1696430700000,0.43770000,0.43770000,0.43550000,0.43720000,250095.10000000,1696431599999,109125.47890000,352,108497.10000000,47361.54471000,0
1696431600000,0.43710000,0.43900000,0.43540000,0.43890000,224555.10000000,1696432499999,98112.86032000,472,70539.00000000,30870.60726000,0
1696432500000,0.43900000,0.43900000,0.43750000,0.43850000,205741.80000000,1696433399999,90167.29910000,332,61580.10000000,26982.83709000,0
1696433400000,0.43840000,0.43860000,0.43620000,0.43640000,201309.00000000,1696434299999,88076.98668000,275,98583.00000000,43143.83976000,0
1696434300000,0.43640000,0.43710000,0.43460000,0.43480000,267605.70000000,1696435199999,116659.02773000,411,108971.00000000,47511.45249000,0
1696435200000,0.43500000,0.43630000,0.43430000,0.43600000,234385.50000000,1696436099999,102004.65158000,403,124096.10000000,53996.80444000,0
1696436100000,0.43600000,0.43790000,0.43600000,0.43790000,221790.30000000,1696436999999,96943.24441000,358,106176.90000000,46406.83118000,0
1696437000000,0.43800000,0.44030000,0.43750000,0.43840000,205595.60000000,1696437899999,90278.55201000,397,100307.80000000,44017.52875000,0
1696437900000,0.43840000,0.43890000,0.43780000,0.43800000,104318.20000000,1696438799999,45730.66998000,200,46120.80000000,20215.36492000,0
1696438800000,0.43800000,0.43990000,0.43740000,0.43970000,275830.20000000,1696439699999,120924.64167000,357,235676.50000000,103297.77712000,0
1696439700000,0.43980000,0.43990000,0.43890000,0.43890000,45366.80000000,1696440599999,19939.19973000,123,20089.50000000,8826.81838000,0
1696440600000,0.43890000,0.43930000,0.43860000,0.43890000,44945.10000000,1696441499999,19723.13520000,121,32268.10000000,14159.26837000,0
1696441500000,0.43880000,0.43980000,0.43850000,0.43910000,113256.50000000,1696442399999,49757.97398000,165,50121.00000000,22017.34187000,0
1696442400000,0.43910000,0.44010000,0.43910000,0.43970000,52238.00000000,1696443299999,22970.44459000,162,21515.10000000,9456.94989000,0
1696443300000,0.43970000,0.44020000,0.43760000,0.43820000,316268.90000000,1696444199999,138714.48908000,381,58231.90000000,25548.14495000,0
1696444200000,0.43820000,0.43860000,0.43560000,0.43610000,220513.60000000,1696445099999,96266.59844000,308,98662.50000000,43088.29239000,0
1696445100000,0.43600000,0.43790000,0.43560000,0.43780000,71126.30000000,1696445999999,31070.75568000,167,47700.30000000,20841.81394000,0
1696446000000,0.43790000,0.44120000,0.43790000,0.44060000,546026.30000000,1696446899999,239842.91833000,788,297195.80000000,130534.92774000,0
1696446900000,0.44070000,0.44140000,0.43950000,0.44020000,161052.30000000,1696447799999,70944.93514000,264,63205.50000000,27854.65966000,0
1696447800000,0.44020000,0.44020000,0.43660000,0.43880000,637964.20000000,1696448699999,279782.96009000,717,496896.40000000,217899.75265000,0
1696448700000,0.43890000,0.43980000,0.43790000,0.43810000,178384.80000000,1696449599999,78329.71237000,259,83243.70000000,36563.30492000,0
1696449600000,0.43790000,0.43950000,0.43720000,0.43950000,86673.80000000,1696450499999,38012.48909000,191,40232.40000000,17646.85235000,0
1696450500000,0.43950000,0.44040000,0.43870000,0.43920000,64737.20000000,1696451399999,28463.27201000,145,33083.90000000,14545.59771000,0
1696451400000,0.43930000,0.44040000,0.43910000,0.43980000,60533.80000000,1696452299999,26624.75106000,104,34481.00000000,15168.98683000,0
1696452300000,0.43990000,0.44010000,0.43870000,0.43870000,64164.90000000,1696453199999,28178.89592000,92,14677.90000000,6450.98039000,0
1696453200000,0.43880000,0.44060000,0.43870000,0.44030000,208487.80000000,1696454099999,91710.08720000,205,92540.40000000,40699.82127000,0
1696454100000,0.44040000,0.44040000,0.43970000,0.44010000,128276.00000000,1696454999999,56438.31800000,126,83293.50000000,36646.77625000,0
1696455000000,0.44010000,0.44120000,0.43970000,0.44100000,153784.10000000,1696455899999,67775.82890000,187,103648.30000000,45684.01051000,0
1696455900000,0.44100000,0.44100000,0.43940000,0.43970000,132137.90000000,1696456799999,58123.18922000,134,48030.50000000,21119.22415000,0
1696456800000,0.43960000,0.44080000,0.43960000,0.44040000,67859.70000000,1696457699999,29890.30731000,142,48771.00000000,21481.17779000,0
1696457700000,0.44040000,0.44150000,0.44000000,0.44150000,82724.80000000,1696458599999,36454.62881000,147,54889.10000000,24191.26345000,0
1696458600000,0.44150000,0.44230000,0.44150000,0.44180000,121318.40000000,1696459499999,53606.63687000,202,69564.80000000,30739.74343000,0
1696459500000,0.44170000,0.44310000,0.44170000,0.44210000,140011.10000000,1696460399999,61952.09119000,220,75585.20000000,33450.04325000,0
1696460400000,0.44210000,0.44360000,0.44210000,0.44330000,98305.90000000,1696461299999,43553.08647000,217,68013.30000000,30135.45317000,0
1696461300000,0.44330000,0.44470000,0.44290000,0.44310000,166437.10000000,1696462199999,73883.46102000,260,102734.30000000,45606.20634000,0
1696462200000,0.44310000,0.44330000,0.44220000,0.44220000,183343.30000000,1696463099999,81193.93840000,247,90873.70000000,40250.99921000,0
1696463100000,0.44220000,0.44250000,0.44130000,0.44180000,122322.00000000,1696463999999,54059.80355000,211,55200.80000000,24393.72524000,0
1696464000000,0.44190000,0.44350000,0.44180000,0.44190000,163116.50000000,1696464899999,72170.09984000,234,96294.30000000,42589.94354000,0
1696464900000,0.44190000,0.44290000,0.44100000,0.44190000,150625.20000000,1696465799999,66541.73002000,237,68857.10000000,30418.29865000,0
1696465800000,0.44170000,0.44550000,0.44170000,0.44490000,461501.60000000,1696466699999,204681.32483000,585,308677.00000000,136852.94166000,0
1696466700000,0.44480000,0.44620000,0.44400000,0.44460000,338687.90000000,1696467599999,150871.72033000,531,203402.30000000,90607.49904000,0
1696467600000,0.44440000,0.44510000,0.44360000,0.44420000,198238.30000000,1696468499999,88071.71584000,313,99226.60000000,44087.98564000,0
1696468500000,0.44420000,0.44420000,0.44150000,0.44150000,215854.10000000,1696469399999,95546.20128000,314,68363.70000000,30262.92632000,0
1696469400000,0.44150000,0.44230000,0.43990000,0.44070000,209040.00000000,1696470299999,92127.31650000,345,73997.90000000,32603.58402000,0
1696470300000,0.44070000,0.44160000,0.43900000,0.44090000,189511.30000000,1696471199999,83446.13894000,296,103253.50000000,45486.00092000,0
1696471200000,0.44100000,0.44110000,0.43830000,0.43880000,225970.10000000,1696472099999,99271.19919000,343,109877.10000000,48260.28949000,0
1696472100000,0.43890000,0.43900000,0.43590000,0.43710000,279316.30000000,1696472999999,122175.79669000,507,119509.40000000,52272.55379000,0
1696473000000,0.43700000,0.43890000,0.43650000,0.43890000,254812.30000000,1696473899999,111478.52703000,315,111912.80000000,48956.18210000,0
1696473900000,0.43890000,0.43990000,0.43860000,0.43940000,146085.10000000,1696474799999,64190.14860000,229,76218.10000000,33486.06973000,0
1696474800000,0.43940000,0.44070000,0.43940000,0.44000000,252303.20000000,1696475699999,111050.51947000,260,129862.00000000,57157.17891000,0
1696475700000,0.43980000,0.44040000,0.43900000,0.44030000,84143.90000000,1696476599999,37004.12814000,134,40797.00000000,17941.30971000,0
1696476600000,0.44030000,0.44120000,0.44020000,0.44060000,164804.90000000,1696477499999,72640.44510000,206,109209.90000000,48140.04599000,0
1696477500000,0.44060000,0.44070000,0.43960000,0.43990000,134045.00000000,1696478399999,58998.22377000,153,39289.30000000,17291.77203000,0
1696478400000,0.44000000,0.44070000,0.43900000,0.44070000,140764.40000000,1696479299999,61907.79951000,153,67503.00000000,29697.09608000,0
1696479300000,0.44070000,0.44100000,0.43980000,0.44060000,246471.80000000,1696480199999,108583.78497000,254,105125.60000000,46300.31520000,0
1696480200000,0.44070000,0.44180000,0.43990000,0.44180000,191103.90000000,1696481099999,84254.90270000,191,128552.30000000,56689.27395000,0
1696481100000,0.44180000,0.44220000,0.44110000,0.44200000,141637.60000000,1696481999999,62568.30865000,199,71973.80000000,31790.77206000,0
1696482000000,0.44200000,0.44320000,0.44160000,0.44290000,148606.60000000,1696482899999,65742.28536000,210,79343.20000000,35095.56751000,0
1696482900000,0.44280000,0.44320000,0.44200000,0.44260000,209052.20000000,1696483799999,92545.12766000,253,103001.60000000,45599.83194000,0
1696483800000,0.44260000,0.44320000,0.44220000,0.44270000,105578.90000000,1696484699999,46740.61980000,132,24408.00000000,10806.88777000,0
1696484700000,0.44270000,0.44270000,0.44130000,0.44160000,86457.70000000,1696485599999,38216.56561000,151,27079.40000000,11966.35935000,0
1696485600000,0.44170000,0.44290000,0.44100000,0.44240000,188664.80000000,1696486499999,83406.83818000,238,95893.00000000,42397.85521000,0
1696486500000,0.44230000,0.44230000,0.43930000,0.43980000,310811.40000000,1696487399999,136899.90065000,334,95414.30000000,42005.55787000,0
1696487400000,0.43990000,0.44010000,0.43900000,0.44010000,119450.30000000,1696488299999,52498.80396000,180,54783.90000000,24077.40834000,0
1696488300000,0.44000000,0.44090000,0.43980000,0.43980000,168586.60000000,1696489199999,74269.17137000,160,31030.40000000,13669.98892000,0
1696489200000,0.43990000,0.44050000,0.43910000,0.43920000,169190.70000000,1696490099999,74412.23592000,232,102541.60000000,45103.55760000,0
1696490100000,0.43920000,0.44040000,0.43790000,0.43900000,655780.10000000,1696490999999,288122.34879000,522,271196.30000000,119192.15710000,0
1696491000000,0.43890000,0.43950000,0.43840000,0.43950000,169121.20000000,1696491899999,74235.81158000,268,72503.40000000,31831.53537000,0
1696491900000,0.43950000,0.44060000,0.43920000,0.44040000,126145.80000000,1696492799999,55462.50512000,220,63351.10000000,27855.61850000,0
1696492800000,0.44050000,0.44100000,0.43970000,0.43980000,174541.10000000,1696493699999,76853.88223000,261,108545.20000000,47793.81905000,0
1696493700000,0.43980000,0.44040000,0.43870000,0.44040000,444880.00000000,1696494599999,195553.00268000,427,306156.10000000,134569.31087000,0
1696494600000,0.44050000,0.44080000,0.44000000,0.44060000,123009.40000000,1696495499999,54174.27444000,190,57187.30000000,25182.66678000,0
1696495500000,0.44060000,0.44180000,0.44060000,0.44080000,189966.40000000,1696496399999,83816.89608000,297,75690.80000000,33401.00762000,0
1696496400000,0.44080000,0.44120000,0.43960000,0.44010000,263396.80000000,1696497299999,115984.11454000,287,101228.20000000,44585.35693000,0
1696497300000,0.44000000,0.44230000,0.44000000,0.44110000,237021.60000000,1696498199999,104678.91731000,310,180170.60000000,79575.85372000,0
1696498200000,0.44120000,0.44160000,0.44050000,0.44090000,294873.20000000,1696499099999,130018.75565000,341,155983.70000000,68772.51574000,0
1696499100000,0.44060000,0.44130000,0.44020000,0.44130000,175012.20000000,1696499999999,77127.65881000,212,80848.80000000,35637.66652000,0
1696500000000,0.44130000,0.44130000,0.43940000,0.43980000,282968.50000000,1696500899999,124498.67783000,271,57572.00000000,25329.17035000,0
1696500900000,0.43980000,0.44010000,0.43880000,0.43960000,116055.10000000,1696501799999,51000.90403000,177,42846.70000000,18823.57057000,0
1696501800000,0.43970000,0.44030000,0.43920000,0.43990000,105944.70000000,1696502699999,46591.78492000,137,43081.40000000,18945.19389000,0
1696502700000,0.43990000,0.44110000,0.43990000,0.44090000,256674.30000000,1696503599999,113100.79531000,238,126294.70000000,55641.25965000,0
1696503600000,0.44100000,0.44100000,0.43910000,0.43910000,176994.00000000,1696504499999,77819.84576000,211,56757.70000000,24951.37147000,0
1696504500000,0.43910000,0.44000000,0.43880000,0.43920000,133314.40000000,1696505399999,58570.16015000,196,69255.40000000,30429.32907000,0
1696505400000,0.43930000,0.44000000,0.43890000,0.43930000,125792.20000000,1696506299999,55284.84706000,176,79699.60000000,35022.78906000,0
1696506300000,0.43940000,0.43940000,0.43840000,0.43870000,147983.10000000,1696507199999,64936.37247000,217,83844.30000000,36796.47865000,0
1696507200000,0.43870000,0.43950000,0.43830000,0.43870000,333674.90000000,1696508099999,146460.33913000,363,239580.50000000,105163.48301000,0
1696508100000,0.43880000,0.43910000,0.43810000,0.43830000,149852.60000000,1696508999999,65712.30542000,237,55867.50000000,24501.36932000,0
1696509000000,0.43830000,0.43920000,0.43710000,0.43900000,426440.30000000,1696509899999,186906.88134000,576,241292.10000000,105795.35185000,0
1696509900000,0.43900000,0.43990000,0.43900000,0.43920000,214390.70000000,1696510799999,94204.83972000,218,76629.50000000,33662.47607000,0
1696510800000,0.43920000,0.44780000,0.43920000,0.44620000,3707944.00000000,1696511699999,1647538.70711000,4642,2078348.00000000,923785.71747000,0
1696511700000,0.44630000,0.44750000,0.44300000,0.44600000,4516415.90000000,1696512599999,2008623.82975000,3373,2880164.30000000,1280455.69399000,0
1696512600000,0.44590000,0.44920000,0.44390000,0.44410000,1526066.80000000,1696513499999,681532.00380000,1809,937317.30000000,418563.85583000,0
1696513500000,0.44410000,0.44560000,0.44320000,0.44470000,878266.70000000,1696514399999,390410.56876000,1023,488469.60000000,217143.59436000,0
1696514400000,0.44460000,0.44550000,0.44320000,0.44430000,574837.20000000,1696515299999,255278.99236000,636,352811.50000000,156686.65855000,0
1696515300000,0.44430000,0.44690000,0.44360000,0.44630000,578145.90000000,1696516199999,257496.82356000,733,365333.90000000,162683.10364000,0
1696516200000,0.44640000,0.44760000,0.44400000,0.44430000,419120.00000000,1696517099999,186779.20245000,584,228991.30000000,102107.22632000,0
1696517100000,0.44420000,0.44760000,0.44410000,0.44700000,1330805.90000000,1696517999999,593544.00826000,1414,808300.70000000,360482.06659000,0
1696518000000,0.44700000,0.44700000,0.44110000,0.44190000,1493332.20000000,1696518899999,661287.49714000,2130,598420.30000000,265042.56372000,0
1696518900000,0.44200000,0.44240000,0.43910000,0.44010000,673631.70000000,1696519799999,296711.61232000,931,240986.30000000,106131.83164000,0
1696519800000,0.44010000,0.44010000,0.43390000,0.43850000,2009335.10000000,1696520699999,878727.95940000,2830,950171.20000000,415609.08787000,0
1696520700000,0.43840000,0.43970000,0.43750000,0.43750000,330625.90000000,1696521599999,145014.76688000,461,149858.00000000,65718.90791000,0
1696521600000,0.43760000,0.43890000,0.43570000,0.43860000,732149.50000000,1696522499999,320101.09188000,1085,382193.50000000,167106.54438000,0
1696522500000,0.43870000,0.43950000,0.43700000,0.43750000,394927.90000000,1696523399999,173119.80378000,548,166541.00000000,72989.68527000,0
1696523400000,0.43710000,0.43780000,0.43510000,0.43520000,587312.20000000,1696524299999,256432.75169000,636,281127.70000000,122737.81259000,0
1696524300000,0.43510000,0.43590000,0.43420000,0.43520000,543050.30000000,1696525199999,236374.61724000,679,255005.80000000,110981.58907000,0
1696525200000,0.43520000,0.43720000,0.43430000,0.43720000,1545867.30000000,1696526099999,673661.07894000,935,933914.80000000,406792.39155000,0
1696526100000,0.43710000,0.43710000,0.43230000,0.43470000,1868806.60000000,1696526999999,811783.25048000,1320,630302.00000000,273437.51127000,0
1696527000000,0.43470000,0.43630000,0.43430000,0.43600000,422284.20000000,1696527899999,183864.20962000,503,235531.00000000,102539.41938000,0
1696527900000,0.43600000,0.43670000,0.43550000,0.43620000,157158.30000000,1696528799999,68531.70931000,236,80159.30000000,34958.08345000,0
1696528800000,0.43610000,0.43640000,0.43390000,0.43450000,247203.80000000,1696529699999,107518.38867000,305,76912.10000000,33445.80636000,0
1696529700000,0.43450000,0.43510000,0.43370000,0.43430000,229696.00000000,1696530599999,99735.17597000,289,120238.00000000,52203.58631000,0
1696530600000,0.43450000,0.43630000,0.43410000,0.43620000,179681.80000000,1696531499999,78187.50685000,270,104976.40000000,45680.45843000,0
1696531500000,0.43620000,0.43700000,0.43620000,0.43690000,154060.10000000,1696532399999,67267.51963000,238,87487.90000000,38198.13445000,0
1696532400000,0.43690000,0.43740000,0.43640000,0.43730000,84933.00000000,1696533299999,37113.05839000,163,42578.40000000,18602.46720000,0
1696533300000,0.43740000,0.43780000,0.43680000,0.43730000,271824.10000000,1696534199999,118923.87970000,220,173328.80000000,75829.12664000,0
1696534200000,0.43730000,0.43730000,0.43590000,0.43590000,110767.30000000,1696535099999,48318.84696000,110,53597.60000000,23377.07957000,0
1696535100000,0.43590000,0.43680000,0.43590000,0.43660000,68689.80000000,1696535999999,29973.19580000,114,26766.00000000,11678.49927000,0
1696536000000,0.43660000,0.43720000,0.43610000,0.43610000,160653.00000000,1696536899999,70166.80610000,183,78093.10000000,34108.86080000,0
1696536900000,0.43630000,0.43710000,0.43630000,0.43680000,87556.20000000,1696537799999,38231.64115000,131,57034.00000000,24903.16101000,0
1696537800000,0.43690000,0.43690000,0.43600000,0.43600000,88010.70000000,1696538699999,38403.50585000,155,53263.50000000,23238.65570000,0
1696538700000,0.43600000,0.43620000,0.43550000,0.43600000,171534.90000000,1696539599999,74772.81738000,130,20334.90000000,8864.01075000,0
1696539600000,0.43600000,0.43600000,0.43520000,0.43590000,127201.70000000,1696540499999,55401.82834000,220,67144.80000000,29244.65743000,0
1696540500000,0.43590000,0.43660000,0.43550000,0.43610000,144631.10000000,1696541399999,63069.03569000,205,86208.30000000,37585.31160000,0
1696541400000,0.43610000,0.43650000,0.43590000,0.43650000,88527.40000000,1696542299999,38620.94562000,110,67622.80000000,29501.65527000,0
1696542300000,0.43650000,0.43670000,0.43610000,0.43630000,128841.70000000,1696543199999,56220.17817000,157,28162.10000000,12291.13417000,0
1696543200000,0.43580000,0.43620000,0.43460000,0.43540000,187963.30000000,1696544099999,81860.53732000,262,71243.60000000,31023.73305000,0
1696544100000,0.43550000,0.43730000,0.43550000,0.43710000,103959.60000000,1696544999999,45338.89534000,166,60483.90000000,26377.22520000,0
1696545000000,0.43710000,0.43830000,0.43660000,0.43730000,406190.10000000,1696545899999,177668.20247000,454,155588.30000000,68051.68560000,0
1696545900000,0.43730000,0.43740000,0.43650000,0.43720000,280968.30000000,1696546799999,122774.78095000,214,138668.80000000,60596.36356000,0
1696546800000,0.43760000,0.43810000,0.43680000,0.43720000,185290.60000000,1696547699999,81066.82293000,274,74502.80000000,32597.95519000,0
1696547700000,0.43730000,0.43730000,0.43560000,0.43560000,122494.10000000,1696548599999,53431.15383000,226,42272.50000000,18433.25424000,0
1696548600000,0.43560000,0.43600000,0.43480000,0.43530000,212685.20000000,1696549499999,92586.04370000,277,91488.20000000,39830.33074000,0
1696549500000,0.43530000,0.43530000,0.43390000,0.43420000,404407.40000000,1696550399999,175694.51106000,428,131201.60000000,57015.54614000,0
1696550400000,0.43440000,0.43540000,0.43380000,0.43410000,251138.90000000,1696551299999,109067.30216000,326,115013.90000000,49957.45294000,0
1696551300000,0.43410000,0.43550000,0.43300000,0.43490000,211958.90000000,1696552199999,92076.80005000,292,95166.70000000,41333.02371000,0
1696552200000,0.43490000,0.43560000,0.43390000,0.43430000,201239.20000000,1696553099999,87449.98943000,212,89620.10000000,38932.27135000,0
1696553100000,0.43430000,0.43550000,0.43390000,0.43540000,251235.60000000,1696553999999,109225.28444000,224,117473.90000000,51065.52792000,0
1696554000000,0.43530000,0.43570000,0.43510000,0.43530000,114085.90000000,1696554899999,49670.15025000,126,43024.90000000,18733.64691000,0
1696554900000,0.43530000,0.43560000,0.43490000,0.43530000,191544.40000000,1696555799999,83358.51976000,175,120576.30000000,52476.78306000,0
1696555800000,0.43530000,0.43710000,0.43520000,0.43610000,387004.20000000,1696556699999,168883.61255000,565,177361.50000000,77382.65614000,0
1696556700000,0.43620000,0.43680000,0.43540000,0.43580000,274322.80000000,1696557599999,119580.15538000,309,97792.80000000,42624.73672000,0
1696557600000,0.43590000,0.43640000,0.43580000,0.43600000,163316.70000000,1696558499999,71218.75577000,197,92976.00000000,40541.13149000,0
1696558500000,0.43600000,0.43720000,0.43570000,0.43720000,175931.60000000,1696559399999,76727.74676000,205,98238.00000000,42844.14766000,0
1696559400000,0.43710000,0.43730000,0.43640000,0.43690000,84799.60000000,1696560299999,37031.28754000,125,51624.50000000,22545.36608000,0
1696560300000,0.43670000,0.43770000,0.43670000,0.43720000,133376.20000000,1696561199999,58315.61592000,152,68820.90000000,30089.40192000,0
1696561200000,0.43730000,0.43740000,0.43640000,0.43660000,95906.50000000,1696562099999,41886.08195000,118,59465.30000000,25969.96786000,0
1696562100000,0.43670000,0.43670000,0.43600000,0.43610000,47100.90000000,1696562999999,20551.30752000,72,16737.10000000,7302.95413000,0
1696563000000,0.43610000,0.43710000,0.43610000,0.43690000,51515.60000000,1696563899999,22485.61563000,94,33007.70000000,14405.48610000,0
1696563900000,0.43710000,0.43740000,0.43640000,0.43650000,26495.00000000,1696564799999,11574.07077000,58,11062.00000000,4833.70849000,0
1696564800000,0.43660000,0.43690000,0.43510000,0.43540000,196480.70000000,1696565699999,85612.46883000,206,102352.10000000,44594.00132000,0
1696565700000,0.43550000,0.43620000,0.43470000,0.43600000,97313.90000000,1696566599999,42356.36026000,156,42224.80000000,18385.39311000,0
1696566600000,0.43590000,0.43640000,0.43560000,0.43640000,56418.60000000,1696567499999,24596.43096000,104,26484.50000000,11547.86578000,0
1696567500000,0.43640000,0.43680000,0.43580000,0.43640000,100190.30000000,1696568399999,43699.33467000,141,35099.00000000,15310.02513000,0
1696568400000,0.43640000,0.43650000,0.43500000,0.43540000,116356.80000000,1696569299999,50669.90415000,167,67960.60000000,29599.45367000,0
1696569300000,0.43550000,0.43660000,0.43550000,0.43630000,121584.10000000,1696570199999,52991.75337000,124,98204.60000000,42803.01341000,0
1696570200000,0.43610000,0.43760000,0.43590000,0.43740000,88808.30000000,1696571099999,38803.00119000,157,57552.30000000,25143.50217000,0
1696571100000,0.43750000,0.43780000,0.43710000,0.43770000,102511.60000000,1696571999999,44842.57993000,155,46525.20000000,20355.99464000,0
1696572000000,0.43780000,0.43790000,0.43630000,0.43670000,90781.30000000,1696572899999,39666.72790000,165,43102.60000000,18831.68750000,0
1696572900000,0.43660000,0.43700000,0.43600000,0.43690000,107145.50000000,1696573799999,46769.37988000,176,38692.50000000,16889.37051000,0
1696573800000,0.43690000,0.43730000,0.43590000,0.43610000,83173.20000000,1696574699999,36291.05895000,120,25614.40000000,11175.76608000,0
1696574700000,0.43600000,0.43710000,0.43580000,0.43710000,156298.30000000,1696575599999,68234.15803000,162,114104.00000000,49821.35837000,0
1696575600000,0.43710000,0.43780000,0.43660000,0.43770000,161761.90000000,1696576499999,70703.22368000,191,101941.60000000,44565.80901000,0
1696576500000,0.43770000,0.43950000,0.43760000,0.43860000,382730.30000000,1696577399999,167897.59802000,661,233104.90000000,102236.95825000,0
1696577400000,0.43870000,0.43950000,0.43830000,0.43890000,314352.60000000,1696578299999,137971.77454000,428,115512.50000000,50690.42158000,0
1696578300000,0.43890000,0.43960000,0.43830000,0.43830000,163854.20000000,1696579199999,71894.82452000,292,69646.80000000,30556.86884000,0
1696579200000,0.43840000,0.43870000,0.43770000,0.43840000,207774.10000000,1696580099999,91054.95526000,269,117062.10000000,51300.55448000,0
1696580100000,0.43840000,0.44060000,0.43790000,0.44030000,196924.60000000,1696580999999,86508.58725000,353,112595.10000000,49475.00342000,0
1696581000000,0.44020000,0.44050000,0.43800000,0.43860000,152174.50000000,1696581899999,66788.11597000,248,68597.10000000,30125.32798000,0
1696581900000,0.43870000,0.44050000,0.43800000,0.43990000,802966.00000000,1696582799999,352628.11508000,520,634359.90000000,278566.49678000,0
1696582800000,0.43980000,0.44090000,0.43980000,0.44070000,295360.30000000,1696583699999,130037.37577000,325,137859.40000000,60706.17233000,0
1696583700000,0.44070000,0.44090000,0.43950000,0.43980000,150497.00000000,1696584599999,66261.85460000,199,53508.50000000,23555.74142000,0
1696584600000,0.43970000,0.43970000,0.43920000,0.43920000,139974.30000000,1696585499999,61513.98808000,189,47287.30000000,20780.91198000,0
1696585500000,0.43930000,0.43990000,0.43920000,0.43970000,104272.40000000,1696586399999,45838.74450000,120,56759.70000000,24951.19802000,0
1696586400000,0.43980000,0.44030000,0.43880000,0.43890000,155217.90000000,1696587299999,68221.42986000,167,76056.70000000,33445.62067000,0
1696587300000,0.43880000,0.44020000,0.43880000,0.44020000,164748.90000000,1696588199999,72444.26931000,225,90607.50000000,39838.79791000,0
1696588200000,0.44020000,0.44060000,0.43880000,0.43890000,217751.20000000,1696589099999,95711.56238000,259,97642.90000000,42926.14006000,0
1696589100000,0.43890000,0.43890000,0.43690000,0.43730000,264537.70000000,1696589999999,115863.52337000,293,112123.90000000,49101.93957000,0
1696590000000,0.43710000,0.43750000,0.43640000,0.43720000,142960.20000000,1696590899999,62470.64554000,204,70572.60000000,30834.37201000,0
1696590900000,0.43740000,0.43760000,0.43600000,0.43620000,188250.10000000,1696591799999,82220.36633000,223,55146.00000000,24077.19648000,0
1696591800000,0.43630000,0.43680000,0.43600000,0.43660000,215214.70000000,1696592699999,93895.71051000,224,57026.50000000,24880.54117000,0
1696592700000,0.43660000,0.43670000,0.43440000,0.43460000,363714.30000000,1696593599999,158420.52233000,511,149927.30000000,65307.45648000,0
1696593600000,0.43490000,0.43650000,0.43460000,0.43650000,180849.80000000,1696594499999,78757.70599000,231,122175.80000000,53185.39056000,0
1696594500000,0.43660000,0.43700000,0.43640000,0.43660000,88798.00000000,1696595399999,38777.64113000,165,47775.50000000,20864.18318000,0
1696595400000,0.43650000,0.43730000,0.43340000,0.43650000,1538995.30000000,1696596299999,670105.34306000,1389,799131.80000000,347926.85923000,0
1696596300000,0.43650000,0.44000000,0.43570000,0.43870000,3246648.70000000,1696597199999,1422853.56872000,2996,1595151.60000000,698950.93221000,0
1696597200000,0.43860000,0.43990000,0.43660000,0.43900000,905111.20000000,1696598099999,396680.75937000,1216,374163.50000000,164010.65128000,0
1696598100000,0.43910000,0.44010000,0.43840000,0.43930000,489554.50000000,1696598999999,215057.48256000,522,151688.90000000,66624.92613000,0
1696599000000,0.43920000,0.44190000,0.43900000,0.44000000,538024.70000000,1696599899999,237114.96905000,727,252934.20000000,111483.92219000,0
1696599900000,0.44000000,0.44100000,0.43870000,0.43990000,251284.80000000,1696600799999,110433.17650000,349,120694.00000000,53037.68176000,0
1696600800000,0.43980000,0.44030000,0.43920000,0.44000000,108442.90000000,1696601699999,47681.32913000,168,60834.10000000,26744.19770000,0
1696601700000,0.44010000,0.44040000,0.43850000,0.44020000,148275.10000000,1696602599999,65188.97222000,231,60794.50000000,26721.25777000,0
1696602600000,0.44020000,0.44210000,0.44020000,0.44130000,355188.00000000,1696603499999,156705.99231000,479,236548.90000000,104355.38803000,0
1696603500000,0.44120000,0.44200000,0.44110000,0.44130000,161234.90000000,1696604399999,71183.14491000,214,84041.20000000,37108.62073000,0
1696604400000,0.44120000,0.44320000,0.44090000,0.44310000,339670.20000000,1696605299999,150254.73406000,422,185292.20000000,81979.01766000,0
1696605300000,0.44310000,0.44350000,0.44110000,0.44310000,235678.50000000,1696606199999,104157.83111000,307,79069.50000000,34956.62767000,0
1696606200000,0.44310000,0.44530000,0.44300000,0.44440000,753629.20000000,1696607099999,334770.90139000,907,400273.10000000,177798.11100000,0
1696607100000,0.44440000,0.44630000,0.44380000,0.44500000,477651.20000000,1696607999999,212493.49740000,573,273709.30000000,121777.76863000,0
1696608000000,0.44500000,0.44640000,0.44430000,0.44520000,615841.50000000,1696608899999,274271.80491000,654,352166.50000000,156818.32414000,0
1696608900000,0.44520000,0.44580000,0.44370000,0.44440000,376137.60000000,1696609799999,167134.67657000,478,157861.30000000,70138.93238000,0
1696609800000,0.44440000,0.44580000,0.44360000,0.44580000,168612.60000000,1696610699999,74942.81474000,225,96891.30000000,43078.69731000,0
1696610700000,0.44580000,0.44590000,0.44430000,0.44460000,210506.40000000,1696611599999,93627.06276000,200,91906.10000000,40872.48763000,0
1696611600000,0.44460000,0.44540000,0.44420000,0.44520000,169214.20000000,1696612499999,75237.60905000,225,111793.50000000,49702.81503000,0
1696612500000,0.44510000,0.44670000,0.44490000,0.44590000,436867.70000000,1696613399999,194772.79289000,443,144717.70000000,64512.91363000,0
1696613400000,0.44590000,0.44730000,0.44570000,0.44600000,205760.70000000,1696614299999,91879.68374000,291,124998.60000000,55826.11150000,0
1696614300000,0.44610000,0.44610000,0.44530000,0.44570000,102625.00000000,1696615199999,45734.15192000,181,37044.40000000,16505.93124000,0
1696615200000,0.44560000,0.44610000,0.44450000,0.44520000,72368.00000000,1696616099999,32204.71540000,144,29822.10000000,13271.94189000,0
1696616100000,0.44500000,0.44560000,0.44420000,0.44560000,83461.50000000,1696616999999,37109.71982000,146,51146.70000000,22741.07616000,0
1696617000000,0.44560000,0.44560000,0.44440000,0.44480000,81222.20000000,1696617899999,36135.75983000,147,25094.10000000,11164.01412000,0
1696617900000,0.44480000,0.44520000,0.44430000,0.44500000,107268.20000000,1696618799999,47708.62314000,145,60873.20000000,27069.01169000,0
1696618800000,0.44500000,0.44550000,0.44450000,0.44520000,149566.00000000,1696619699999,66542.43901000,170,83253.20000000,37038.08710000,0
1696619700000,0.44510000,0.44670000,0.44490000,0.44660000,149491.40000000,1696620599999,66611.48961000,250,76351.70000000,34028.66172000,0
1696620600000,0.44640000,0.44660000,0.44480000,0.44510000,165424.80000000,1696621499999,73771.52627000,240,58049.20000000,25884.03294000,0
1696621500000,0.44510000,0.44510000,0.44390000,0.44400000,138644.50000000,1696622399999,61620.63496000,200,38993.40000000,17328.35202000,0
1696622400000,0.44390000,0.44460000,0.44360000,0.44460000,95875.50000000,1696623299999,42572.20830000,156,41144.30000000,18267.50927000,0
1696623300000,0.44450000,0.44590000,0.44450000,0.44530000,103926.40000000,1696624199999,46270.24824000,162,64344.10000000,28645.08378000,0
1696624200000,0.44520000,0.44580000,0.44520000,0.44540000,72269.20000000,1696625099999,32197.44380000,131,40774.10000000,18164.25647000,0
1696625100000,0.44540000,0.44540000,0.44480000,0.44500000,39220.50000000,1696625999999,17455.41300000,74,22419.70000000,9977.63265000,0
1696626000000,0.44490000,0.44530000,0.44460000,0.44490000,94218.80000000,1696626899999,41929.37407000,151,35986.20000000,16009.59442000,0
1696626900000,0.44490000,0.44520000,0.44460000,0.44520000,50013.70000000,1696627799999,22250.28352000,88,26471.40000000,11776.30098000,0
1696627800000,0.44510000,0.44860000,0.44500000,0.44620000,379778.80000000,1696628699999,169794.07052000,509,235333.10000000,105218.95814000,0
1696628700000,0.44620000,0.44710000,0.44560000,0.44570000,152875.60000000,1696629599999,68270.06096000,184,121569.00000000,54293.74660000,0
1696629600000,0.44560000,0.44660000,0.44520000,0.44660000,107105.50000000,1696630499999,47762.96279000,172,65744.90000000,29323.17237000,0
1696630500000,0.44660000,0.44660000,0.44560000,0.44560000,117468.90000000,1696631399999,52401.19125000,142,31157.50000000,13900.52955000,0
1696631400000,0.44550000,0.44610000,0.44530000,0.44560000,63486.70000000,1696632299999,28295.37370000,121,28339.60000000,12630.52152000,0
1696632300000,0.44560000,0.44620000,0.44430000,0.44440000,180902.90000000,1696633199999,80600.41456000,221,50121.40000000,22320.19264000,0
1696633200000,0.44430000,0.44470000,0.44290000,0.44290000,255823.30000000,1696634099999,113552.19773000,341,66391.10000000,29470.67785000,0
1696634100000,0.44280000,0.44310000,0.44160000,0.44210000,215562.80000000,1696634999999,95316.65106000,359,83609.50000000,36973.13142000,0
1696635000000,0.44180000,0.44360000,0.44170000,0.44250000,85810.40000000,1696635899999,38004.64264000,143,43046.50000000,19068.20689000,0
1696635900000,0.44240000,0.44360000,0.44240000,0.44360000,95723.30000000,1696636799999,42410.02991000,108,68423.10000000,30314.88581000,0
1696636800000,0.44350000,0.44700000,0.44270000,0.44570000,327724.10000000,1696637699999,145813.17441000,468,246947.90000000,109833.84805000,0
1696637700000,0.44570000,0.44740000,0.44470000,0.44720000,363050.90000000,1696638599999,161905.93764000,545,222556.50000000,99253.23206000,0
1696638600000,0.44720000,0.45590000,0.44700000,0.45550000,2090613.80000000,1696639499999,943597.50020000,2800,1096849.80000000,495327.18624000,0
1696639500000,0.45550000,0.45550000,0.45200000,0.45260000,913374.80000000,1696640399999,414563.30205000,1201,499614.90000000,226801.10775000,0
1696640400000,0.45250000,0.45530000,0.45120000,0.45520000,505212.20000000,1696641299999,228631.50095000,579,312396.80000000,141375.37518000,0
1696641300000,0.45520000,0.45530000,0.45170000,0.45170000,360768.50000000,1696642199999,163618.71546000,432,159370.80000000,72265.65069000,0
1696642200000,0.45160000,0.45180000,0.44970000,0.45020000,297768.10000000,1696643099999,134193.16932000,380,120186.80000000,54156.44555000,0
1696643100000,0.45020000,0.45020000,0.44800000,0.44900000,436603.10000000,1696643999999,195971.53728000,556,178839.00000000,80236.70655000,0
1696644000000,0.44900000,0.45080000,0.44870000,0.44970000,365494.00000000,1696644899999,164465.21474000,338,180169.80000000,81074.12712000,0
1696644900000,0.44990000,0.45440000,0.44990000,0.45400000,698349.40000000,1696645799999,316194.30176000,799,480276.70000000,217407.15318000,0
1696645800000,0.45400000,0.45670000,0.45280000,0.45400000,944623.20000000,1696646699999,429242.19258000,1090,529975.40000000,240884.29766000,0
1696646700000,0.45410000,0.45480000,0.45210000,0.45210000,315198.20000000,1696647599999,143080.03599000,391,132828.80000000,60336.78290000,0
1696647600000,0.45220000,0.45440000,0.45210000,0.45310000,218802.40000000,1696648499999,99208.11362000,275,88168.80000000,39995.82135000,0
1696648500000,0.45310000,0.45380000,0.45240000,0.45330000,195973.30000000,1696649399999,88761.25168000,219,108679.10000000,49216.65977000,0
1696649400000,0.45320000,0.45410000,0.45210000,0.45270000,288095.80000000,1696650299999,130591.54913000,270,121136.40000000,54910.81577000,0
1696650300000,0.45270000,0.45280000,0.45070000,0.45130000,128731.60000000,1696651199999,58172.36623000,192,52302.40000000,23625.01049000,0
1696651200000,0.45110000,0.45240000,0.45040000,0.45240000,192268.00000000,1696652099999,86752.32478000,293,69631.70000000,31424.24570000,0
1696652100000,0.45240000,0.45470000,0.45210000,0.45310000,593501.20000000,1696652999999,269116.21187000,742,360414.20000000,163402.59501000,0
1696653000000,0.45320000,0.45590000,0.45320000,0.45550000,292633.60000000,1696653899999,133104.57392000,370,139749.50000000,63551.61901000,0
1696653900000,0.45560000,0.45730000,0.45380000,0.45390000,588465.60000000,1696654799999,268295.56624000,616,342374.80000000,156163.68406000,0
1696654800000,0.45380000,0.45480000,0.45240000,0.45250000,327500.30000000,1696655699999,148483.58624000,361,144308.20000000,65455.06690000,0
1696655700000,0.45260000,0.45320000,0.45160000,0.45200000,190082.70000000,1696656599999,85973.59933000,241,88312.10000000,39950.59367000,0
1696656600000,0.45200000,0.45650000,0.45190000,0.45600000,350639.50000000,1696657499999,159348.87821000,476,218054.10000000,99097.05653000,0
1696657500000,0.45590000,0.45640000,0.45460000,0.45550000,234789.60000000,1696658399999,106935.84876000,286,162190.10000000,73865.53375000,0
1696658400000,0.45560000,0.45660000,0.45330000,0.45340000,351568.40000000,1696659299999,159985.64263000,441,185510.80000000,84445.83542000,0
1696659300000,0.45330000,0.45920000,0.45300000,0.45860000,646860.90000000,1696660199999,295141.48562000,899,439582.80000000,200497.23220000,0
1696660200000,0.45860000,0.45860000,0.45380000,0.45480000,604203.20000000,1696661099999,275796.35203000,820,253699.70000000,115880.06118000,0
1696661100000,0.45460000,0.45550000,0.45320000,0.45320000,263920.00000000,1696661999999,120035.20088000,410,142271.80000000,64711.38087000,0
1696662000000,0.45320000,0.45600000,0.45290000,0.45570000,312219.50000000,1696662899999,141963.53761000,410,185015.00000000,84154.00709000,0
1696662900000,0.45560000,0.45560000,0.45360000,0.45360000,110944.40000000,1696663799999,50422.32840000,187,31690.60000000,14407.27614000,0
1696663800000,0.45350000,0.45500000,0.45250000,0.45260000,245505.60000000,1696664699999,111380.73887000,396,103135.00000000,46791.09907000,0
1696664700000,0.45270000,0.45270000,0.44830000,0.44970000,853305.00000000,1696665599999,384308.28709000,1148,234515.10000000,105545.55049000,0
1696665600000,0.44960000,0.45030000,0.44850000,0.44920000,568587.70000000,1696666499999,255375.27924000,525,265528.80000000,119236.91034000,0
1696666500000,0.44920000,0.45140000,0.44920000,0.45090000,232448.30000000,1696667399999,104661.20274000,318,130558.40000000,58782.38198000,0
1696667400000,0.45090000,0.45210000,0.44960000,0.45190000,331406.00000000,1696668299999,149441.67882000,447,162121.80000000,73108.57191000,0
1696668300000,0.45180000,0.45200000,0.45050000,0.45100000,134282.20000000,1696669199999,60581.87209000,208,60833.70000000,27438.08241000,0
1696669200000,0.45090000,0.45150000,0.44950000,0.45020000,356526.50000000,1696670099999,160544.97597000,516,232643.50000000,104762.32072000,0
1696670100000,0.45020000,0.45060000,0.44950000,0.45060000,194588.90000000,1696670999999,87538.27296000,141,41914.30000000,18862.12954000,0
1696671000000,0.45050000,0.45050000,0.44790000,0.44810000,378787.00000000,1696671899999,170003.18329000,344,124153.80000000,55717.09399000,0
1696671900000,0.44810000,0.44850000,0.44550000,0.44650000,427868.90000000,1696672799999,191190.18165000,688,170623.50000000,76230.03433000,0
1696672800000,0.44660000,0.44800000,0.44630000,0.44640000,377022.80000000,1696673699999,168536.15598000,448,191012.10000000,85394.57837000,0
1696673700000,0.44630000,0.44730000,0.44600000,0.44640000,256592.00000000,1696674599999,114566.06715000,317,99165.60000000,44271.03416000,0
1696674600000,0.44640000,0.44670000,0.44360000,0.44450000,485207.60000000,1696675499999,215893.45706000,642,158488.50000000,70431.63823000,0
1696675500000,0.44440000,0.44520000,0.44320000,0.44350000,631433.60000000,1696676399999,280334.96538000,599,294426.00000000,130753.69876000,0
1696676400000,0.44340000,0.44460000,0.44280000,0.44430000,373490.90000000,1696677299999,165717.48917000,416,190739.10000000,84659.64267000,0
1696677300000,0.44440000,0.44500000,0.44360000,0.44430000,108236.80000000,1696678199999,48086.48030000,213,47349.50000000,21033.91821000,0
1696678200000,0.44430000,0.44510000,0.44280000,0.44300000,155548.90000000,1696679099999,69058.68555000,228,79419.30000000,35277.73763000,0
1696679100000,0.44310000,0.44390000,0.44110000,0.44260000,423426.60000000,1696679999999,187242.83339000,626,196542.50000000,86931.04056000,0
1696680000000,0.44250000,0.44250000,0.44130000,0.44230000,166694.90000000,1696680899999,73669.75407000,280,47823.90000000,21135.11421000,0
1696680900000,0.44230000,0.44360000,0.44230000,0.44250000,235307.80000000,1696681799999,104257.76202000,270,139670.50000000,61888.50412000,0
1696681800000,0.44240000,0.44340000,0.44200000,0.44340000,174983.40000000,1696682699999,77510.26079000,194,132065.60000000,58495.37002000,0
1696682700000,0.44320000,0.44340000,0.44240000,0.44290000,121879.30000000,1696683599999,53985.00755000,167,47215.00000000,20911.23525000,0
1696683600000,0.44300000,0.44410000,0.44270000,0.44410000,136897.10000000,1696684499999,60698.37049000,204,88055.50000000,39045.88928000,0
1696684500000,0.44420000,0.44430000,0.44370000,0.44410000,134871.40000000,1696685399999,59898.99026000,163,54050.80000000,23999.68285000,0
1696685400000,0.44410000,0.44410000,0.44310000,0.44350000,101054.90000000,1696686299999,44828.34486000,167,23562.50000000,10447.84066000,0
1696686300000,0.44350000,0.44470000,0.44340000,0.44450000,161362.90000000,1696687199999,71692.79352000,181,122286.10000000,54330.40394000,0
1696687200000,0.44440000,0.44440000,0.44300000,0.44340000,170484.60000000,1696688099999,75617.04131000,207,61253.00000000,27166.17471000,0
1696688100000,0.44330000,0.44360000,0.44210000,0.44210000,157114.90000000,1696688999999,69533.58384000,200,53226.30000000,23549.76236000,0
1696689000000,0.44210000,0.44360000,0.44160000,0.44360000,164934.00000000,1696689899999,72958.17100000,237,60972.70000000,26964.41058000,0
1696689900000,0.44350000,0.44420000,0.44320000,0.44420000,48870.20000000,1696690799999,21692.10182000,95,30618.00000000,13591.35244000,0
1696690800000,0.44410000,0.44420000,0.44260000,0.44270000,197312.60000000,1696691699999,87495.42252000,250,48247.70000000,21387.74841000,0
1696691700000,0.44260000,0.44410000,0.44260000,0.44370000,141622.60000000,1696692599999,62831.07303000,180,90354.30000000,40083.54405000,0
1696692600000,0.44370000,0.44410000,0.44170000,0.44170000,230325.30000000,1696693499999,101924.24548000,335,102558.30000000,45377.65654000,0
1696693500000,0.44160000,0.44250000,0.44060000,0.44140000,404511.20000000,1696694399999,178558.89130000,471,130152.60000000,57457.09597000,0
1696694400000,0.44150000,0.44170000,0.44030000,0.44140000,266657.80000000,1696695299999,117545.35606000,428,136535.00000000,60191.72622000,0
1696695300000,0.44140000,0.44250000,0.44080000,0.44140000,149915.30000000,1696696199999,66215.20525000,204,75238.80000000,33235.53263000,0
1696696200000,0.44140000,0.44410000,0.44140000,0.44200000,578298.50000000,1696697099999,256401.93341000,413,240420.10000000,106508.72558000,0
1696697100000,0.44200000,0.44260000,0.44160000,0.44160000,56798.10000000,1696697999999,25107.72070000,118,27115.90000000,11987.08380000,0
1696698000000,0.44160000,0.44180000,0.43920000,0.44010000,429939.50000000,1696698899999,189231.23490000,616,222385.00000000,97865.68022000,0
1696698900000,0.44010000,0.44060000,0.43960000,0.44010000,457773.90000000,1696699799999,201465.26586000,493,289488.80000000,127398.80563000,0
1696699800000,0.44010000,0.44100000,0.43940000,0.44080000,253688.70000000,1696700699999,111629.01362000,341,85836.20000000,37780.52462000,0
1696700700000,0.44090000,0.44140000,0.44050000,0.44090000,126030.30000000,1696701599999,55569.35134000,115,71053.50000000,31333.43529000,0
1696701600000,0.44090000,0.44160000,0.44040000,0.44160000,66769.10000000,1696702499999,29429.80584000,147,41364.30000000,18232.89078000,0
1696702500000,0.44170000,0.44170000,0.44060000,0.44150000,94755.70000000,1696703399999,41788.74924000,156,20608.00000000,9090.98053000,0
1696703400000,0.44140000,0.44150000,0.43990000,0.43990000,138894.10000000,1696704299999,61210.11056000,279,60724.80000000,26746.34463000,0
1696704300000,0.43990000,0.44070000,0.43960000,0.44040000,198903.70000000,1696705199999,87552.72681000,250,101110.40000000,44504.51765000,0
1696705200000,0.44040000,0.44040000,0.43840000,0.43960000,197833.50000000,1696706099999,86842.57782000,340,63836.70000000,28018.03611000,0
1696706100000,0.43950000,0.43950000,0.43860000,0.43920000,68129.90000000,1696706999999,29908.76620000,162,32985.80000000,14478.80504000,0
1696707000000,0.43910000,0.44020000,0.43910000,0.43970000,113248.90000000,1696707899999,49805.34774000,123,87757.00000000,38593.77528000,0
1696707900000,0.43990000,0.43990000,0.43850000,0.43910000,78887.90000000,1696708799999,34625.40378000,141,32717.30000000,14360.92769000,0
1696708800000,0.43910000,0.44010000,0.43880000,0.44000000,188215.70000000,1696709699999,82691.40422000,242,47064.60000000,20679.76949000,0
1696709700000,0.44000000,0.44060000,0.43990000,0.44020000,71309.80000000,1696710599999,31394.10694000,107,34826.80000000,15330.32673000,0
1696710600000,0.44030000,0.44140000,0.44030000,0.44130000,69309.40000000,1696711499999,30559.63168000,125,37874.70000000,16703.63769000,0
1696711500000,0.44130000,0.44190000,0.44100000,0.44180000,96973.40000000,1696712399999,42818.75793000,145,58295.00000000,25744.31122000,0
1696712400000,0.44170000,0.44260000,0.44140000,0.44240000,59861.50000000,1696713299999,26472.53829000,170,39520.20000000,17475.46650000,0
1696713300000,0.44250000,0.44250000,0.44230000,0.44240000,32037.30000000,1696714199999,14173.67081000,64,25811.10000000,11419.49669000,0
1696714200000,0.44240000,0.44290000,0.44240000,0.44280000,93849.90000000,1696715099999,41548.23850000,115,45883.70000000,20314.40833000,0
1696715100000,0.44270000,0.44270000,0.44200000,0.44250000,43261.90000000,1696715999999,19139.29979000,63,36933.20000000,16339.11924000,0
1696716000000,0.44260000,0.44300000,0.44170000,0.44230000,59691.50000000,1696716899999,26407.36547000,113,15540.90000000,6875.93984000,0
1696716900000,0.44220000,0.44240000,0.44130000,0.44170000,63725.40000000,1696717799999,28163.21215000,124,23993.10000000,10602.52814000,0
1696717800000,0.44170000,0.44270000,0.44170000,0.44260000,65673.50000000,1696718699999,29027.93572000,86,23383.30000000,10338.00817000,0
1696718700000,0.44270000,0.44300000,0.44240000,0.44270000,61311.40000000,1696719599999,27140.67290000,101,30125.90000000,13334.37766000,0
1696719600000,0.44260000,0.44300000,0.44210000,0.44270000,48751.40000000,1696720499999,21573.18231000,69,29249.90000000,12942.75122000,0
1696720500000,0.44280000,0.44310000,0.44210000,0.44230000,55194.40000000,1696721399999,24427.36412000,99,33078.10000000,14639.51207000,0
1696721400000,0.44260000,0.44270000,0.44180000,0.44180000,62156.20000000,1696722299999,27488.05299000,85,13970.10000000,6176.58892000,0
1696722300000,0.44200000,0.44280000,0.44160000,0.44270000,85793.20000000,1696723199999,37924.49731000,114,58631.50000000,25920.46557000,0
1696723200000,0.44210000,0.44290000,0.44170000,0.44270000,82738.70000000,1696724099999,36605.35626000,99,40517.10000000,17924.30013000,0
1696724100000,0.44270000,0.44320000,0.44260000,0.44260000,47842.00000000,1696724999999,21193.45590000,91,25222.30000000,11173.78762000,0
1696725000000,0.44240000,0.44300000,0.44230000,0.44300000,75450.10000000,1696725899999,33394.20270000,99,17023.70000000,7535.16342000,0
1696725900000,0.44320000,0.44420000,0.44320000,0.44330000,180817.00000000,1696726799999,80225.03967000,256,105033.10000000,46606.09566000,0
1696726800000,0.44330000,0.44350000,0.44120000,0.44150000,128490.10000000,1696727699999,56802.71334000,142,55580.00000000,24574.26611000,0
1696727700000,0.44150000,0.44200000,0.44060000,0.44100000,137572.50000000,1696728599999,60681.19424000,197,53941.00000000,23787.51387000,0
1696728600000,0.44100000,0.44280000,0.44080000,0.44280000,122437.00000000,1696729499999,54102.40083000,192,63404.20000000,28025.17971000,0
1696729500000,0.44280000,0.44280000,0.44140000,0.44210000,95052.70000000,1696730399999,42013.38009000,149,33441.00000000,14779.51434000,0
1696730400000,0.44200000,0.44270000,0.44190000,0.44250000,57336.20000000,1696731299999,25364.80375000,101,30392.80000000,13443.75887000,0
1696731300000,0.44260000,0.44340000,0.44220000,0.44320000,87776.10000000,1696732199999,38881.08303000,169,61508.90000000,27248.78401000,0
1696732200000,0.44330000,0.44370000,0.44210000,0.44210000,103673.60000000,1696733099999,45932.42261000,144,42608.10000000,18882.77385000,0
1696733100000,0.44200000,0.44260000,0.44120000,0.44210000,96714.20000000,1696733999999,42730.26739000,136,42830.30000000,18926.10451000,0
1696734000000,0.44210000,0.44280000,0.44190000,0.44250000,43939.20000000,1696734899999,19437.62208000,69,13912.10000000,6153.62830000,0
1696734900000,0.44260000,0.44340000,0.44230000,0.44260000,60027.90000000,1696735799999,26580.68719000,90,35123.40000000,15552.26585000,0
1696735800000,0.44270000,0.44360000,0.44260000,0.44350000,43299.40000000,1696736699999,19179.65601000,63,20443.80000000,9054.52393000,0
1696736700000,0.44350000,0.44350000,0.44290000,0.44300000,164012.70000000,1696737599999,72689.37780000,189,73184.80000000,32432.35382000,0
1696737600000,0.44310000,0.44340000,0.44160000,0.44170000,91913.20000000,1696738499999,40671.70515000,136,47973.30000000,21229.60010000,0
1696738500000,0.44180000,0.44250000,0.44150000,0.44190000,105736.30000000,1696739399999,46750.52917000,131,71275.80000000,31510.52684000,0
1696739400000,0.44190000,0.44230000,0.44160000,0.44170000,30682.00000000,1696740299999,13564.14332000,45,20317.70000000,8982.80700000,0
1696740300000,0.44140000,0.44140000,0.43990000,0.44070000,158543.30000000,1696741199999,69849.91646000,220,58226.80000000,25648.13110000,0
1696741200000,0.44060000,0.44070000,0.44010000,0.44070000,127975.90000000,1696742099999,56353.53100000,147,65933.90000000,29032.95444000,0
1696742100000,0.44080000,0.44080000,0.43990000,0.43990000,84189.10000000,1696742999999,37067.27107000,116,31050.60000000,13670.55799000,0
1696743000000,0.44000000,0.44090000,0.43830000,0.44060000,299046.90000000,1696743899999,131362.73015000,499,182266.20000000,80052.36757000,0
1696743900000,0.44070000,0.44070000,0.43990000,0.44050000,109361.10000000,1696744799999,48153.32894000,157,41919.50000000,18455.93054000,0
1696744800000,0.44040000,0.44100000,0.44020000,0.44020000,98601.70000000,1696745699999,43445.14852000,117,51636.70000000,22755.45027000,0
1696745700000,0.44020000,0.44100000,0.43990000,0.44090000,46158.10000000,1696746599999,20340.86722000,68,21077.90000000,9287.76363000,0
1696746600000,0.44080000,0.44090000,0.43980000,0.44000000,151352.50000000,1696747499999,66642.55331000,185,70797.80000000,31172.44740000,0
1696747500000,0.43990000,0.43990000,0.43840000,0.43850000,116631.00000000,1696748399999,51215.18188000,175,60852.20000000,26724.57424000,0
1696748400000,0.43850000,0.43980000,0.43840000,0.43890000,182093.30000000,1696749299999,79973.19323000,215,38005.50000000,16685.48879000,0
1696749300000,0.43900000,0.43980000,0.43830000,0.43890000,347257.00000000,1696750199999,152430.64308000,313,215818.70000000,94750.63069000,0
1696750200000,0.43890000,0.44030000,0.43890000,0.44020000,175553.70000000,1696751099999,77148.95783000,174,79826.10000000,35091.67559000,0
1696751100000,0.44050000,0.44070000,0.43990000,0.44030000,63095.40000000,1696751999999,27785.76195000,111,22656.10000000,9978.81886000,0
1696752000000,0.44030000,0.44050000,0.43970000,0.43970000,175644.40000000,1696752899999,77289.35045000,156,115582.00000000,50857.39114000,0
1696752900000,0.44000000,0.44210000,0.43970000,0.44200000,182206.50000000,1696753799999,80369.85918000,323,121689.70000000,53681.84768000,0
1696753800000,0.44190000,0.44190000,0.44050000,0.44130000,178503.80000000,1696754699999,78755.60050000,180,37979.30000000,16751.62192000,0
1696754700000,0.44130000,0.44130000,0.44020000,0.44050000,65763.10000000,1696755599999,28974.71126000,108,27802.10000000,12247.83762000,0
1696755600000,0.44040000,0.44050000,0.43970000,0.44050000,80023.50000000,1696756499999,35221.74746000,126,52496.30000000,23100.54246000,0
1696756500000,0.44050000,0.44060000,0.43910000,0.43940000,83189.40000000,1696757399999,36590.85433000,120,31648.90000000,13915.05541000,0
1696757400000,0.43940000,0.43940000,0.43810000,0.43890000,134545.30000000,1696758299999,59010.49947000,179,55987.80000000,24554.33481000,0
1696758300000,0.43890000,0.43950000,0.43690000,0.43790000,541918.40000000,1696759199999,237529.00080000,622,244971.60000000,107415.38457000,0
1696759200000,0.43800000,0.43870000,0.43740000,0.43740000,188511.30000000,1696760099999,82558.46300000,208,104350.20000000,45697.91663000,0
1696760100000,0.43740000,0.43790000,0.43740000,0.43760000,103035.50000000,1696760999999,45094.00806000,148,49760.90000000,21777.96395000,0
1696761000000,0.43770000,0.43820000,0.43680000,0.43780000,268290.70000000,1696761899999,117332.73510000,311,138060.90000000,60391.56636000,0
1696761900000,0.43770000,0.43770000,0.43520000,0.43610000,520214.30000000,1696762799999,227011.47390000,622,224566.90000000,97970.53130000,0
1696762800000,0.43620000,0.43670000,0.43580000,0.43660000,171582.90000000,1696763699999,74842.04731000,173,94787.80000000,41340.96527000,0
1696763700000,0.43660000,0.43660000,0.43530000,0.43610000,139603.60000000,1696764599999,60838.26921000,196,65429.90000000,28520.53580000,0
1696764600000,0.43610000,0.43650000,0.43590000,0.43610000,73706.10000000,1696765499999,32143.41390000,121,38519.40000000,16797.41780000,0
1696765500000,0.43600000,0.43660000,0.43580000,0.43620000,130410.00000000,1696766399999,56880.27064000,143,27527.90000000,12005.14661000,0
1696766400000,0.43620000,0.43670000,0.43580000,0.43630000,147785.60000000,1696767299999,64470.96712000,156,40997.00000000,17880.90722000,0
1696767300000,0.43640000,0.43860000,0.43640000,0.43830000,124193.40000000,1696768199999,54397.46964000,215,101663.10000000,44525.79549000,0
1696768200000,0.43830000,0.43860000,0.43800000,0.43800000,142195.20000000,1696769099999,62310.95699000,156,79509.00000000,34837.89053000,0
1696769100000,0.43810000,0.43840000,0.43670000,0.43700000,125195.10000000,1696769999999,54719.41702000,173,28124.80000000,12298.23745000,0
1696770000000,0.43700000,0.43700000,0.43510000,0.43550000,207851.70000000,1696770899999,90554.16073000,236,94050.10000000,40977.19741000,0
1696770900000,0.43550000,0.43910000,0.43440000,0.43840000,346420.00000000,1696771799999,151253.48310000,472,148163.60000000,64755.53791000,0
1696771800000,0.43860000,0.43920000,0.43800000,0.43870000,132634.20000000,1696772699999,58146.58421000,183,58851.30000000,25797.29356000,0
1696772700000,0.43860000,0.43980000,0.43760000,0.43860000,143696.10000000,1696773599999,63091.62577000,231,69205.10000000,30384.15930000,0
1696773600000,0.43860000,0.43970000,0.43820000,0.43910000,165121.00000000,1696774499999,72469.68665000,184,114202.30000000,50121.24184000,0
1696774500000,0.43920000,0.43930000,0.43830000,0.43850000,143823.30000000,1696775399999,63108.82275000,131,52259.50000000,22935.83920000,0
1696775400000,0.43860000,0.44040000,0.43860000,0.43990000,373656.10000000,1696776299999,164291.36662000,284,60317.90000000,26527.64513000,0
1696776300000,0.44000000,0.44030000,0.43880000,0.43930000,123831.60000000,1696777199999,54441.41589000,192,54814.40000000,24099.74848000,0
1696777200000,0.43910000,0.43930000,0.43860000,0.43880000,64984.50000000,1696778099999,28521.21104000,109,22027.20000000,9668.42459000,0
1696778100000,0.43890000,0.43900000,0.43830000,0.43880000,54634.80000000,1696778999999,23969.65413000,110,27915.90000000,12248.32341000,0
1696779000000,0.43870000,0.43880000,0.43800000,0.43810000,54919.30000000,1696779899999,24076.87783000,101,29301.10000000,12849.17688000,0
1696779900000,0.43810000,0.43810000,0.43740000,0.43760000,95905.40000000,1696780799999,41970.11315000,104,56956.50000000,24922.74751000,0
1696780800000,0.43770000,0.43880000,0.43760000,0.43760000,110512.70000000,1696781699999,48421.11190000,146,41094.90000000,18006.82629000,0
1696781700000,0.43770000,0.43810000,0.43630000,0.43680000,317936.20000000,1696782599999,139017.36511000,318,140781.50000000,61566.32471000,0
1696782600000,0.43680000,0.43730000,0.43640000,0.43690000,71151.10000000,1696783499999,31089.99917000,121,38276.10000000,16724.66644000,0
1696783500000,0.43700000,0.43740000,0.43680000,0.43720000,123400.90000000,1696784399999,53954.55673000,117,106116.20000000,46397.59611000,0
1696784400000,0.43720000,0.43800000,0.43710000,0.43750000,38737.60000000,1696785299999,16950.57414000,87,16781.30000000,7343.12093000,0
1696785300000,0.43730000,0.43760000,0.43670000,0.43710000,52149.10000000,1696786199999,22798.30397000,86,14487.70000000,6333.30131000,0
1696786200000,0.43710000,0.43780000,0.43680000,0.43770000,75055.10000000,1696787099999,32820.06155000,106,38085.60000000,16651.15161000,0
1696787100000,0.43770000,0.43770000,0.43660000,0.43660000,127334.20000000,1696787999999,55641.38977000,172,59327.90000000,25923.06567000,0
1696788000000,0.43660000,0.43700000,0.43650000,0.43670000,88561.50000000,1696788899999,38677.08884000,115,66271.00000000,28940.95399000,0
1696788900000,0.43670000,0.43720000,0.43580000,0.43690000,132432.10000000,1696789799999,57802.41383000,194,95599.10000000,41726.13619000,0
1696789800000,0.43670000,0.43720000,0.43640000,0.43720000,88391.90000000,1696790699999,38594.60851000,107,17846.40000000,7794.93850000,0
1696790700000,0.43720000,0.43780000,0.43710000,0.43770000,27712.80000000,1696791599999,12123.68080000,84,11178.10000000,4889.80632000,0
1696791600000,0.43780000,0.43920000,0.43780000,0.43910000,200206.80000000,1696792499999,87790.61668000,250,149542.90000000,65569.65553000,0
1696792500000,0.43900000,0.43910000,0.43810000,0.43850000,84006.90000000,1696793399999,36837.39645000,115,22424.40000000,9831.88886000,0
1696793400000,0.43860000,0.43880000,0.43800000,0.43800000,30087.10000000,1696794299999,13187.72968000,66,3393.70000000,1487.39158000,0
1696794300000,0.43780000,0.43860000,0.43780000,0.43840000,17483.20000000,1696795199999,7663.06633000,39,7572.20000000,3317.84172000,0
1696795200000,0.43820000,0.43850000,0.43750000,0.43760000,79660.60000000,1696796099999,34896.02893000,76,47671.50000000,20888.83656000,0
1696796100000,0.43780000,0.43790000,0.43750000,0.43770000,31154.60000000,1696796999999,13636.11785000,49,8327.90000000,3645.49900000,0
1696797000000,0.43770000,0.43880000,0.43760000,0.43860000,61362.50000000,1696797899999,26912.95985000,79,43956.40000000,19280.10596000,0
1696797900000,0.43870000,0.43940000,0.43870000,0.43890000,66985.80000000,1696798799999,29415.91841000,77,37612.00000000,16515.83421000,0
1696798800000,0.43900000,0.43930000,0.43860000,0.43860000,72154.30000000,1696799699999,31680.53060000,94,44960.40000000,19742.17455000,0
1696799700000,0.43850000,0.43860000,0.43800000,0.43800000,14253.20000000,1696800599999,6245.13275000,44,6792.40000000,2975.97029000,0
1696800600000,0.43800000,0.43800000,0.43730000,0.43760000,139185.60000000,1696801499999,60917.34014000,155,49801.00000000,21794.65089000,0
1696801500000,0.43750000,0.43760000,0.43660000,0.43670000,54583.10000000,1696802399999,23854.48506000,68,10435.20000000,4560.80349000,0
1696802400000,0.43660000,0.43730000,0.43570000,0.43610000,131292.50000000,1696803299999,57284.37827000,195,73229.70000000,31956.03501000,0
1696803300000,0.43600000,0.43750000,0.43600000,0.43650000,47106.90000000,1696804199999,20570.70704000,98,19091.90000000,8335.86542000,0
1696804200000,0.43650000,0.43730000,0.43590000,0.43720000,31976.50000000,1696805099999,13962.73425000,64,16478.70000000,7193.98835000,0
1696805100000,0.43710000,0.43760000,0.43680000,0.43750000,55889.30000000,1696805999999,24440.91394000,86,40879.20000000,17877.46006000,0
1696806000000,0.43740000,0.43810000,0.43730000,0.43770000,57656.50000000,1696806899999,25240.99252000,83,31212.80000000,13664.63706000,0
1696806900000,0.43770000,0.43790000,0.43710000,0.43770000,43817.80000000,1696807799999,19173.55221000,75,17654.00000000,7723.82040000,0
1696807800000,0.43770000,0.43810000,0.43760000,0.43800000,30304.20000000,1696808699999,13268.05352000,57,14021.60000000,6138.54367000,0
1696808700000,0.43800000,0.43820000,0.43770000,0.43770000,50519.40000000,1696809599999,22124.33170000,75,13271.70000000,5812.61442000,0
1696809600000,0.43790000,0.43790000,0.43680000,0.43730000,97084.50000000,1696810499999,42453.42679000,123,67672.10000000,29583.89398000,0
1696810500000,0.43720000,0.43720000,0.43510000,0.43580000,220521.30000000,1696811399999,96137.33210000,276,85163.30000000,37123.81040000,0
1696811400000,0.43580000,0.43720000,0.43580000,0.43580000,81616.30000000,1696812299999,35615.34585000,140,38661.50000000,16867.82397000,0
1696812300000,0.43600000,0.43690000,0.43560000,0.43610000,128974.00000000,1696813199999,56275.77025000,157,72860.30000000,31789.15414000,0
1696813200000,0.43610000,0.43610000,0.43480000,0.43580000,240025.20000000,1696814099999,104503.20490000,244,52083.60000000,22681.30529000,0
1696814100000,0.43590000,0.43640000,0.43560000,0.43610000,96138.80000000,1696814999999,41922.09754000,233,44750.40000000,19512.07235000,0
1696815000000,0.43620000,0.43620000,0.43500000,0.43590000,212747.00000000,1696815899999,92684.93018000,212,52654.70000000,22954.34153000,0
1696815900000,0.43600000,0.43750000,0.43600000,0.43720000,102603.50000000,1696816799999,44829.27054000,122,68822.30000000,30061.35008000,0
1696816800000,0.43720000,0.43770000,0.43630000,0.43700000,47762.90000000,1696817699999,20858.79319000,63,24681.80000000,10778.94934000,0
1696817700000,0.43700000,0.43700000,0.43650000,0.43670000,60316.70000000,1696818599999,26341.19393000,78,14139.50000000,6175.49143000,0
1696818600000,0.43670000,0.43690000,0.43570000,0.43630000,86001.90000000,1696819499999,37513.21030000,140,36553.70000000,15946.02166000,0
1696819500000,0.43640000,0.43700000,0.43640000,0.43670000,25789.00000000,1696820399999,11264.09901000,67,11017.40000000,4811.13772000,0
1696820400000,0.43680000,0.43760000,0.43670000,0.43730000,81476.60000000,1696821299999,35613.98448000,106,43852.20000000,19169.87086000,0
1696821300000,0.43740000,0.43760000,0.43670000,0.43690000,60324.00000000,1696822199999,26360.65735000,80,43981.70000000,19216.31143000,0
1696822200000,0.43680000,0.43830000,0.43680000,0.43810000,183890.80000000,1696823099999,80519.88730000,182,62055.20000000,27176.36091000,0
1696823100000,0.43790000,0.43800000,0.43740000,0.43750000,28253.00000000,1696823999999,12363.90856000,56,9833.20000000,4303.39819000,0
1696824000000,0.43760000,0.43780000,0.43690000,0.43740000,89385.40000000,1696824899999,39077.82714000,100,72921.30000000,31876.74116000,0
1696824900000,0.43740000,0.43880000,0.43740000,0.43830000,96834.00000000,1696825799999,42408.56812000,145,48220.00000000,21125.75852000,0
1696825800000,0.43840000,0.43840000,0.43750000,0.43750000,101653.80000000,1696826699999,44525.74570000,94,17581.70000000,7697.75787000,0
1696826700000,0.43750000,0.43790000,0.43730000,0.43790000,145759.60000000,1696827599999,63776.47536000,126,19852.30000000,8686.44402000,0
1696827600000,0.43770000,0.43870000,0.43770000,0.43780000,239017.60000000,1696828499999,104710.58910000,190,46961.90000000,20573.68474000,0
1696828500000,0.43780000,0.43780000,0.43720000,0.43740000,86629.30000000,1696829399999,37901.43757000,69,29700.10000000,12992.82723000,0
1696829400000,0.43740000,0.43750000,0.43690000,0.43690000,134675.80000000,1696830299999,58871.18430000,138,50725.80000000,22176.38514000,0
1696830300000,0.43710000,0.43720000,0.43600000,0.43600000,149900.40000000,1696831199999,65436.93126000,127,19551.50000000,8535.32843000,0
1696831200000,0.43590000,0.43700000,0.43560000,0.43650000,182010.90000000,1696832099999,79373.71534000,171,69953.60000000,30511.39835000,0
1696832100000,0.43660000,0.43710000,0.43630000,0.43680000,61495.80000000,1696832999999,26857.79573000,102,31424.40000000,13724.96494000,0
1696833000000,0.43680000,0.43700000,0.43630000,0.43670000,34824.40000000,1696833899999,15207.67689000,80,22346.60000000,9757.59582000,0
1696833900000,0.43680000,0.43720000,0.43650000,0.43670000,68778.30000000,1696834799999,30040.97600000,104,47148.00000000,20593.80738000,0
1696834800000,0.43670000,0.43700000,0.43570000,0.43620000,84581.90000000,1696835699999,36921.02597000,127,21957.00000000,9584.15529000,0
1696835700000,0.43610000,0.43630000,0.43130000,0.43390000,1089438.40000000,1696836599999,471807.30852000,1313,453462.10000000,196287.51646000,0
1696836600000,0.43400000,0.43450000,0.43300000,0.43360000,198696.10000000,1696837499999,86190.43782000,269,95957.30000000,41628.15943000,0
1696837500000,0.43370000,0.43440000,0.43330000,0.43330000,156726.00000000,1696838399999,67984.88117000,192,75080.10000000,32564.21902000,0
1696838400000,0.43330000,0.43350000,0.43230000,0.43340000,133543.00000000,1696839299999,57797.80975000,218,60822.00000000,26325.94547000,0
1696839300000,0.43330000,0.43350000,0.43220000,0.43220000,146054.00000000,1696840199999,63230.47810000,178,40203.20000000,17408.11577000,0
1696840200000,0.43230000,0.43230000,0.42720000,0.43020000,1402817.00000000,1696841099999,602606.25170000,1904,603542.30000000,259137.17703000,0
1696841100000,0.43030000,0.43110000,0.42900000,0.42920000,505068.70000000,1696841999999,216935.70998000,461,174490.50000000,74974.67389000,0
1696842000000,0.42920000,0.43020000,0.42810000,0.43010000,378461.90000000,1696842899999,162450.80269000,348,279498.10000000,119954.64536000,0
1696842900000,0.43000000,0.43020000,0.42940000,0.42990000,102198.50000000,1696843799999,43926.21221000,151,55554.80000000,23877.86831000,0
1696843800000,0.42990000,0.42990000,0.42710000,0.42720000,591557.10000000,1696844699999,253283.83566000,582,229422.40000000,98141.68884000,0
1696844700000,0.42720000,0.42720000,0.40180000,0.41360000,5509749.30000000,1696845599999,2291069.45430000,9981,2446998.20000000,1018392.79433000,0
1696845600000,0.41340000,0.41560000,0.41220000,0.41400000,854558.70000000,1696846499999,353780.41156000,1233,442622.70000000,183246.32310000,0
1696846500000,0.41390000,0.41430000,0.41040000,0.41300000,2026387.50000000,1696847399999,835668.80217000,1633,818974.80000000,337944.92554000,0
1696847400000,0.41280000,0.41310000,0.41170000,0.41270000,615978.20000000,1696848299999,254018.75483000,654,283013.70000000,116718.18186000,0
1696848300000,0.41280000,0.41370000,0.41170000,0.41370000,395074.80000000,1696849199999,163085.78244000,516,235701.40000000,97319.42576000,0
1696849200000,0.41380000,0.41380000,0.41180000,0.41280000,310270.30000000,1696850099999,127970.03300000,432,166549.80000000,68670.84157000,0
1696850100000,0.41270000,0.41280000,0.41010000,0.41160000,781570.80000000,1696850999999,321396.60171000,611,170618.00000000,70242.08882000,0
1696851000000,0.41170000,0.41330000,0.41100000,0.41260000,381106.40000000,1696851899999,157130.36512000,383,243545.90000000,100414.69776000,0
1696851900000,0.41250000,0.41250000,0.41080000,0.41200000,370127.70000000,1696852799999,152318.85088000,442,168403.40000000,69308.47505000,0
1696852800000,0.41170000,0.41220000,0.41120000,0.41220000,281735.20000000,1696853699999,115969.78729000,380,154631.80000000,63653.13380000,0
1696853700000,0.41210000,0.41490000,0.41150000,0.41490000,307362.00000000,1696854599999,127002.53730000,587,173828.20000000,71836.05179000,0
1696854600000,0.41490000,0.41530000,0.41370000,0.41410000,161321.30000000,1696855499999,66878.09979000,303,99451.10000000,41236.83193000,0
1696855500000,0.41400000,0.41460000,0.41360000,0.41370000,102878.50000000,1696856399999,42606.73609000,191,48971.40000000,20284.95665000,0
1696856400000,0.41370000,0.41470000,0.41330000,0.41460000,163982.90000000,1696857299999,67838.75028000,240,60058.80000000,24856.54199000,0
1696857300000,0.41470000,0.41560000,0.41370000,0.41530000,270014.40000000,1696858199999,112004.97287000,316,163469.70000000,67789.74149000,0
1696858200000,0.41530000,0.41600000,0.41510000,0.41570000,424441.20000000,1696859099999,176361.17609000,368,243203.30000000,101063.10202000,0
1696859100000,0.41570000,0.41570000,0.41420000,0.41430000,404441.60000000,1696859999999,167739.99165000,403,158635.80000000,65799.25963000,0
1696860000000,0.41450000,0.41450000,0.41290000,0.41330000,195335.40000000,1696860899999,80768.75422000,299,66797.50000000,27619.35627000,0
1696860900000,0.41330000,0.41530000,0.41320000,0.41370000,187650.20000000,1696861799999,77778.23339000,231,129789.70000000,53797.59663000,0
1696861800000,0.41380000,0.41400000,0.41280000,0.41290000,568056.10000000,1696862699999,234829.49853000,450,237985.90000000,98387.61664000,0
1696862700000,0.41280000,0.41390000,0.41260000,0.41340000,257105.60000000,1696863599999,106197.08393000,343,183717.60000000,75884.61432000,0
1696863600000,0.41340000,0.41350000,0.41210000,0.41340000,284350.20000000,1696864499999,117432.31483000,267,131099.00000000,54145.55572000,0
1696864500000,0.41330000,0.41350000,0.41260000,0.41350000,141817.10000000,1696865399999,58592.77410000,210,57777.00000000,23868.94804000,0
1696865400000,0.41340000,0.41340000,0.41250000,0.41300000,122036.50000000,1696866299999,50374.06057000,210,48393.80000000,19973.94969000,0
1696866300000,0.41310000,0.41330000,0.41180000,0.41220000,145677.20000000,1696867199999,60074.07173000,315,49152.10000000,20268.37852000,0
1696867200000,0.41230000,0.41240000,0.40850000,0.41120000,1242016.50000000,1696868099999,509992.26484000,1728,544152.90000000,223381.42443000,0
1696868100000,0.41120000,0.41380000,0.40700000,0.40950000,659138.40000000,1696868999999,270452.06033000,1169,363466.50000000,149201.36069000,0
1696869000000,0.40950000,0.41150000,0.40210000,0.40730000,2129167.10000000,1696869899999,868543.62601000,3516,1128755.80000000,460620.72539000,0
1696869900000,0.40700000,0.41030000,0.40520000,0.41010000,661850.70000000,1696870799999,270037.66483000,896,257086.50000000,104974.42498000,0
1696870800000,0.41010000,0.41010000,0.40820000,0.40920000,191778.80000000,1696871699999,78489.91172000,296,62580.30000000,25611.67785000,0
1696871700000,0.40930000,0.41090000,0.40930000,0.41080000,181361.00000000,1696872599999,74393.02994000,298,84563.80000000,34680.59488000,0
1696872600000,0.41080000,0.41270000,0.41040000,0.41220000,286742.70000000,1696873499999,118001.47375000,368,151017.40000000,62168.11403000,0
1696873500000,0.41190000,0.41310000,0.41190000,0.41310000,203068.70000000,1696874399999,83760.43369000,308,70362.00000000,29022.14319000,0
1696874400000,0.41300000,0.41400000,0.41270000,0.41390000,283238.40000000,1696875299999,117116.43168000,430,148050.10000000,61225.23800000,0
1696875300000,0.41390000,0.41490000,0.41180000,0.41250000,1421179.40000000,1696876199999,587204.48427000,827,718713.60000000,296861.53088000,0
1696876200000,0.41250000,0.41360000,0.41140000,0.41220000,569557.90000000,1696877099999,234798.10170000,484,289835.20000000,119472.43221000,0
1696877100000,0.41210000,0.41210000,0.41140000,0.41140000,107008.10000000,1696877999999,44060.93428000,170,30690.20000000,12638.53174000,0
1696878000000,0.41150000,0.41220000,0.41120000,0.41210000,96029.50000000,1696878899999,39518.59237000,147,56081.50000000,23078.06454000,0
1696878900000,0.41210000,0.41350000,0.41200000,0.41300000,147209.60000000,1696879799999,60745.37297000,227,80356.50000000,33150.57341000,0
1696879800000,0.41300000,0.41340000,0.41270000,0.41300000,145251.60000000,1696880699999,59989.93719000,176,69490.10000000,28703.90471000,0
1696880700000,0.41290000,0.41330000,0.41160000,0.41210000,392555.10000000,1696881599999,161919.33499000,366,106831.00000000,44048.47411000,0
1696881600000,0.41200000,0.41250000,0.41130000,0.41160000,296337.80000000,1696882499999,122153.02885000,289,200615.70000000,82706.51818000,0
1696882500000,0.41160000,0.41180000,0.41090000,0.41130000,116246.70000000,1696883399999,47809.74774000,188,46726.50000000,19213.47012000,0
1696883400000,0.41120000,0.41180000,0.41100000,0.41140000,68183.40000000,1696884299999,28048.08037000,147,36191.70000000,14888.97357000,0
1696884300000,0.41140000,0.41160000,0.41010000,0.41060000,140010.10000000,1696885199999,57480.15514000,217,90858.90000000,37299.18109000,0
1696885200000,0.41060000,0.41120000,0.40980000,0.41010000,173570.60000000,1696886099999,71224.02309000,222,41957.00000000,17214.95424000,0
1696886100000,0.41010000,0.41150000,0.40910000,0.41150000,209084.70000000,1696886999999,85744.78707000,256,100349.50000000,41184.07738000,0
1696887000000,0.41150000,0.41250000,0.41150000,0.41240000,84925.90000000,1696887899999,34984.16147000,137,51643.70000000,21278.47120000,0
1696887900000,0.41230000,0.41250000,0.41100000,0.41170000,179281.60000000,1696888799999,73804.52023000,183,64794.80000000,26654.71423000,0
1696888800000,0.41170000,0.41230000,0.41160000,0.41210000,157402.70000000,1696889699999,64839.57775000,201,101598.40000000,41854.56990000,0
1696889700000,0.41220000,0.41240000,0.41160000,0.41200000,111010.10000000,1696890599999,45730.03413000,184,60803.50000000,25047.73036000,0
1696890600000,0.41200000,0.41300000,0.41100000,0.41130000,552340.20000000,1696891499999,227464.08632000,388,150429.60000000,61989.67988000,0
1696891500000,0.41130000,0.41180000,0.41090000,0.41110000,71730.70000000,1696892399999,29498.03289000,165,26790.70000000,11016.73561000,0
1696892400000,0.41110000,0.41290000,0.41110000,0.41250000,96798.80000000,1696893299999,39867.85891000,141,66949.80000000,27570.52180000,0
1696893300000,0.41260000,0.41310000,0.41230000,0.41250000,153517.80000000,1696894199999,63354.32113000,212,73731.80000000,30425.21139000,0
1696894200000,0.41260000,0.41750000,0.41260000,0.41590000,2192918.20000000,1696895099999,909475.12012000,1262,1423929.70000000,590242.09662000,0
1696895100000,0.41590000,0.41660000,0.41520000,0.41640000,1068717.00000000,1696895999999,444351.07618000,882,524947.20000000,218261.49098000,0
1696896000000,0.41630000,0.41710000,0.41420000,0.41450000,916011.80000000,1696896899999,381131.88648000,825,401677.10000000,167127.34505000,0
1696896900000,0.41460000,0.41540000,0.41390000,0.41390000,193973.00000000,1696897799999,80475.18297000,293,116008.10000000,48142.46949000,0
1696897800000,0.41390000,0.41560000,0.41360000,0.41420000,217434.90000000,1696898699999,90091.04697000,289,69490.50000000,28797.90373000,0
1696898700000,0.41420000,0.41420000,0.41290000,0.41340000,120476.00000000,1696899599999,49834.15063000,215,36757.70000000,15196.85110000,0
1696899600000,0.41330000,0.41400000,0.41290000,0.41350000,148730.40000000,1696900499999,61498.04654000,254,41569.00000000,17185.08995000,0
1696900500000,0.41340000,0.41370000,0.41290000,0.41340000,34749.90000000,1696901399999,14365.08149000,97,13486.60000000,5574.49674000,0
1696901400000,0.41330000,0.41330000,0.41240000,0.41270000,97301.30000000,1696902299999,40161.42555000,188,41474.90000000,17121.72721000,0
1696902300000,0.41270000,0.41390000,0.41260000,0.41270000,206034.40000000,1696903199999,85143.38751000,230,97372.40000000,40236.13673000,0
1696903200000,0.41270000,0.41310000,0.41210000,0.41270000,126974.90000000,1696904099999,52382.17418000,177,43013.50000000,17743.67435000,0
1696904100000,0.41260000,0.41340000,0.41190000,0.41230000,94180.50000000,1696904999999,38866.41891000,152,51609.50000000,21307.04463000,0
1696905000000,0.41220000,0.41390000,0.41220000,0.41390000,69782.60000000,1696905899999,28824.60768000,131,47378.20000000,19570.37477000,0
1696905900000,0.41400000,0.41720000,0.41360000,0.41700000,281150.20000000,1696906799999,116892.53259000,495,181785.30000000,75589.82762000,0
1696906800000,0.41710000,0.41720000,0.41590000,0.41640000,244776.40000000,1696907699999,101963.16414000,397,126737.20000000,52797.02071000,0
1696907700000,0.41650000,0.41680000,0.41480000,0.41500000,96185.10000000,1696908599999,40011.23166000,185,43491.80000000,18088.40209000,0
1696908600000,0.41500000,0.41560000,0.41500000,0.41540000,64354.40000000,1696909499999,26732.90077000,140,36229.50000000,15050.07740000,0
1696909500000,0.41540000,0.41540000,0.41440000,0.41440000,136811.00000000,1696910399999,56724.51328000,105,39048.70000000,16190.98788000,0
1696910400000,0.41450000,0.41490000,0.41410000,0.41430000,147596.20000000,1696911299999,61193.55556000,116,82005.60000000,34000.17839000,0
1696911300000,0.41440000,0.41500000,0.41410000,0.41490000,110170.90000000,1696912199999,45649.72416000,142,53470.80000000,22158.05918000,0
1696912200000,0.41480000,0.41530000,0.41480000,0.41490000,51338.50000000,1696913099999,21304.28974000,115,21785.10000000,9040.72214000,0
1696913100000,0.41490000,0.41500000,0.41400000,0.41400000,93634.60000000,1696913999999,38797.80702000,137,37433.20000000,15509.18099000,0
1696914000000,0.41410000,0.41460000,0.41400000,0.41410000,260545.50000000,1696914899999,107924.72500000,268,81556.70000000,33785.59906000,0
1696914900000,0.41410000,0.41530000,0.41410000,0.41480000,65990.00000000,1696915799999,27381.88717000,113,32049.80000000,13298.48304000,0
1696915800000,0.41480000,0.41550000,0.41480000,0.41550000,50726.20000000,1696916699999,21062.84569000,134,15817.70000000,6567.37613000,0
1696916700000,0.41550000,0.41610000,0.41530000,0.41550000,69510.20000000,1696917599999,28890.03729000,156,33464.50000000,13912.12428000,0
1696917600000,0.41560000,0.41580000,0.41510000,0.41570000,65881.60000000,1696918499999,27374.78486000,142,35886.40000000,14911.91578000,0
1696918500000,0.41580000,0.41610000,0.41530000,0.41580000,113932.20000000,1696919399999,47381.53291000,148,36373.60000000,15123.89598000,0
1696919400000,0.41570000,0.41630000,0.41540000,0.41630000,68241.60000000,1696920299999,28368.28679000,96,26879.60000000,11180.30042000,0
1696920300000,0.41620000,0.41670000,0.41580000,0.41660000,96009.20000000,1696921199999,39957.39792000,160,40233.70000000,16742.69861000,0
1696921200000,0.41650000,0.41800000,0.41640000,0.41730000,255667.40000000,1696922099999,106684.90924000,342,116111.40000000,48429.09765000,0
1696922100000,0.41740000,0.41750000,0.41680000,0.41730000,147882.40000000,1696922999999,61687.95046000,194,96746.10000000,40357.81634000,0
1696923000000,0.41750000,0.41760000,0.41670000,0.41700000,188751.30000000,1696923899999,78746.80171000,237,59865.20000000,24980.52001000,0
1696923900000,0.41700000,0.41770000,0.41610000,0.41610000,99068.10000000,1696924799999,41304.35122000,185,43748.50000000,18241.68401000,0
1696924800000,0.41620000,0.41770000,0.41590000,0.41770000,127353.50000000,1696925699999,53062.95584000,191,47580.20000000,19831.22474000,0
1696925700000,0.41760000,0.41830000,0.41710000,0.41770000,178830.80000000,1696926599999,74720.42963000,262,91469.90000000,38224.27961000,0
1696926600000,0.41770000,0.41810000,0.41740000,0.41810000,100660.20000000,1696927499999,42060.48917000,173,67529.00000000,28215.04587000,0
1696927500000,0.41830000,0.41890000,0.41800000,0.41800000,123953.60000000,1696928399999,51883.06815000,216,51286.80000000,21467.55854000,0
1696928400000,0.41810000,0.41810000,0.41700000,0.41720000,165408.80000000,1696929299999,69043.60675000,213,54733.60000000,22850.48354000,0
1696929300000,0.41720000,0.41740000,0.41630000,0.41630000,84095.20000000,1696930199999,35058.07141000,139,38754.00000000,16151.93777000,0
1696930200000,0.41630000,0.41660000,0.41590000,0.41600000,72137.70000000,1696931099999,30034.20974000,130,36963.80000000,15391.60588000,0
1696931100000,0.41600000,0.41780000,0.41600000,0.41730000,210062.70000000,1696931999999,87521.80969000,346,115939.20000000,48297.89940000,0
1696932000000,0.41720000,0.41730000,0.41630000,0.41640000,57475.50000000,1696932899999,23957.14564000,144,27040.10000000,11273.59218000,0
1696932900000,0.41640000,0.41660000,0.41590000,0.41630000,127501.30000000,1696933799999,53084.76512000,163,57120.60000000,23778.21017000,0
1696933800000,0.41630000,0.41720000,0.41510000,0.41540000,271164.90000000,1696934699999,112770.19994000,451,142018.60000000,59055.83551000,0
1696934700000,0.41540000,0.41600000,0.41510000,0.41540000,91967.10000000,1696935599999,38216.38755000,196,43144.20000000,17924.76764000,0
1696935600000,0.41540000,0.41600000,0.41490000,0.41590000,204325.50000000,1696936499999,84860.92275000,269,80142.80000000,33301.55024000,0
1696936500000,0.41590000,0.41590000,0.41450000,0.41480000,139412.10000000,1696937399999,57902.46462000,191,43155.00000000,17915.73444000,0
1696937400000,0.41490000,0.41520000,0.41380000,0.41410000,219727.00000000,1696938299999,91059.12601000,332,84188.10000000,34886.63667000,0
1696938300000,0.41410000,0.41430000,0.41360000,0.41400000,270590.70000000,1696939199999,112012.55050000,333,108590.00000000,44948.14479000,0
1696939200000,0.41400000,0.41490000,0.41350000,0.41490000,313605.80000000,1696940099999,129872.19186000,271,87148.80000000,36104.99649000,0
1696940100000,0.41480000,0.41510000,0.41430000,0.41480000,76214.60000000,1696940999999,31612.73264000,138,33475.60000000,13885.32319000,0
1696941000000,0.41480000,0.41500000,0.41420000,0.41420000,92980.00000000,1696941899999,38540.07095000,136,44741.40000000,18546.39830000,0
1696941900000,0.41420000,0.41430000,0.41140000,0.41190000,422856.20000000,1696942799999,174473.41947000,635,167793.80000000,69256.48232000,0
1696942800000,0.41200000,0.41230000,0.41130000,0.41200000,177911.50000000,1696943699999,73261.32940000,268,79672.80000000,32807.38535000,0
1696943700000,0.41200000,0.41370000,0.41200000,0.41340000,157617.80000000,1696944599999,65038.13126000,198,92442.20000000,38143.68911000,0
1696944600000,0.41350000,0.41400000,0.41210000,0.41300000,148930.00000000,1696945499999,61468.35274000,215,66665.00000000,27512.69482000,0
1696945500000,0.41300000,0.41450000,0.41300000,0.41440000,136924.40000000,1696946399999,56679.21364000,186,64716.90000000,26783.04329000,0
1696946400000,0.41450000,0.41810000,0.41450000,0.41780000,457078.20000000,1696947299999,190245.83821000,534,219386.30000000,91293.87356000,0
1696947300000,0.41730000,0.41860000,0.41660000,0.41710000,414727.50000000,1696948199999,173201.95467000,459,244698.80000000,102201.31703000,0
1696948200000,0.41700000,0.41740000,0.41610000,0.41650000,142339.10000000,1696949099999,59289.03006000,203,61020.20000000,25423.56296000,0
1696949100000,0.41650000,0.41650000,0.41220000,0.41360000,484039.40000000,1696949999999,200445.50592000,628,194213.10000000,80434.62795000,0
1696950000000,0.41360000,0.41510000,0.41270000,0.41330000,222777.00000000,1696950899999,92206.19175000,364,84943.40000000,35137.93405000,0
1696950900000,0.41330000,0.41430000,0.41240000,0.41370000,295693.50000000,1696951799999,122220.31326000,393,143626.50000000,59370.09767000,0
1696951800000,0.41360000,0.41530000,0.41320000,0.41500000,167438.10000000,1696952699999,69375.01278000,210,91535.10000000,37927.89302000,0
1696952700000,0.41480000,0.41540000,0.41400000,0.41440000,82368.80000000,1696953599999,34147.21213000,124,43401.40000000,17992.12696000,0
1696953600000,0.41430000,0.41610000,0.41370000,0.41610000,165271.90000000,1696954499999,68528.81530000,183,85650.10000000,35539.08811000,0
1696954500000,0.41610000,0.41720000,0.41440000,0.41660000,291596.80000000,1696955399999,121174.17186000,346,116583.20000000,48467.84103000,0
1696955400000,0.41660000,0.41730000,0.41610000,0.41670000,167894.90000000,1696956299999,69983.05508000,183,108272.80000000,45135.01122000,0
1696956300000,0.41660000,0.41720000,0.41510000,0.41570000,185482.60000000,1696957199999,77171.20739000,203,66432.10000000,27642.97397000,0
1696957200000,0.41570000,0.41670000,0.41420000,0.41480000,168896.80000000,1696958099999,70199.49413000,224,71423.00000000,29682.51358000,0
1696958100000,0.41470000,0.41570000,0.41430000,0.41490000,125046.50000000,1696958999999,51891.72533000,177,72680.40000000,30160.57682000,0
1696959000000,0.41480000,0.41580000,0.41380000,0.41570000,136607.20000000,1696959899999,56625.88125000,183,69418.60000000,28777.07257000,0
1696959900000,0.41570000,0.41570000,0.41370000,0.41440000,74634.80000000,1696960799999,30934.79966000,129,39557.40000000,16399.28309000,0
1696960800000,0.41450000,0.41500000,0.41380000,0.41430000,71991.40000000,1696961699999,29840.81667000,108,33134.70000000,13734.92649000,0
1696961700000,0.41410000,0.41520000,0.41410000,0.41490000,83194.10000000,1696962599999,34500.35975000,108,30874.10000000,12803.88794000,0
1696962600000,0.41490000,0.41490000,0.41400000,0.41470000,38870.60000000,1696963499999,16107.53281000,81,22197.20000000,9197.83985000,0
1696963500000,0.41480000,0.41530000,0.41380000,0.41470000,109520.20000000,1696964399999,45381.00430000,173,47444.10000000,19661.24441000,0
1696964400000,0.41470000,0.41590000,0.41430000,0.41570000,106810.50000000,1696965299999,44360.82552000,248,61529.30000000,25552.60744000,0
1696965300000,0.41570000,0.41590000,0.41510000,0.41510000,104745.40000000,1696966199999,43523.15819000,159,64688.70000000,26877.96832000,0
1696966200000,0.41500000,0.41550000,0.41440000,0.41540000,58559.20000000,1696967099999,24303.77302000,76,20657.20000000,8573.31388000,0
1696967100000,0.41540000,0.41600000,0.41520000,0.41600000,104474.20000000,1696967999999,43427.34231000,143,49004.90000000,20368.72891000,0
1696968000000,0.41600000,0.41670000,0.41540000,0.41550000,87281.40000000,1696968899999,36323.95360000,165,33613.20000000,13986.34644000,0
1696968900000,0.41550000,0.41560000,0.41470000,0.41490000,48441.10000000,1696969799999,20100.65828000,81,30160.90000000,12512.68284000,0
1696969800000,0.41480000,0.41500000,0.41390000,0.41430000,92713.60000000,1696970699999,38426.60451000,118,21548.10000000,8931.26242000,0
1696970700000,0.41420000,0.41510000,0.41120000,0.41510000,401467.50000000,1696971599999,165763.36430000,532,210698.60000000,87028.63428000,0
1696971600000,0.41510000,0.41540000,0.41390000,0.41470000,497888.80000000,1696972499999,206417.97716000,313,224355.70000000,93015.30116000,0
1696972500000,0.41490000,0.41610000,0.41490000,0.41600000,53091.50000000,1696973399999,22069.92404000,99,21904.70000000,9104.49210000,0
1696973400000,0.41610000,0.41620000,0.41550000,0.41620000,136084.50000000,1696974299999,56588.07531000,125,70516.40000000,29319.86003000,0
1696974300000,0.41620000,0.41630000,0.41600000,0.41630000,48293.00000000,1696975199999,20096.54197000,60,34968.00000000,14552.74219000,0
1696975200000,0.41640000,0.41720000,0.41630000,0.41710000,44592.40000000,1696976099999,18584.42796000,128,29725.80000000,12390.31694000,0
1696976100000,0.41710000,0.41710000,0.41650000,0.41660000,20031.70000000,1696976999999,8350.46952000,46,12431.50000000,5182.87335000,0
1696977000000,0.41640000,0.41730000,0.41640000,0.41720000,47675.70000000,1696977899999,19878.10028000,66,20361.50000000,8487.42076000,0
1696977900000,0.41720000,0.41720000,0.41580000,0.41580000,56814.30000000,1696978799999,23650.73737000,85,11448.80000000,4767.34777000,0
1696978800000,0.41580000,0.41600000,0.41440000,0.41450000,483074.20000000,1696979699999,200543.10945000,237,311312.40000000,129241.65077000,0
1696979700000,0.41440000,0.41550000,0.41440000,0.41530000,63390.70000000,1696980599999,26308.38109000,86,40032.40000000,16609.02743000,0
1696980600000,0.41530000,0.41650000,0.41530000,0.41590000,46829.60000000,1696981499999,19485.77814000,64,23382.60000000,9726.76547000,0
1696981500000,0.41590000,0.41590000,0.41520000,0.41580000,57531.30000000,1696982399999,23903.62816000,98,26741.40000000,11107.78005000,0
1696982400000,0.41600000,0.41700000,0.41570000,0.41580000,194573.90000000,1696983299999,81024.93405000,182,75479.70000000,31435.18177000,0
1696983300000,0.41580000,0.41710000,0.41560000,0.41630000,116605.50000000,1696984199999,48575.14725000,139,83695.10000000,34860.37899000,0
1696984200000,0.41630000,0.41730000,0.41590000,0.41630000,214005.90000000,1696985099999,89138.24220000,191,73464.70000000,30590.37023000,0
1696985100000,0.41630000,0.41680000,0.41570000,0.41640000,175053.80000000,1696985999999,72861.36359000,199,86315.30000000,35921.67470000,0
1696986000000,0.41650000,0.41660000,0.41520000,0.41610000,61679.30000000,1696986899999,25660.16672000,94,31947.20000000,13290.50261000,0
1696986900000,0.41610000,0.41710000,0.41570000,0.41660000,129690.70000000,1696987799999,54016.48940000,127,67434.20000000,28088.01493000,0
1696987800000,0.41660000,0.41680000,0.41560000,0.41570000,78868.30000000,1696988699999,32806.10990000,96,42155.00000000,17535.96488000,0
1696988700000,0.41570000,0.41590000,0.41540000,0.41590000,78728.00000000,1696989599999,32718.20821000,98,36676.30000000,15242.30583000,0
1696989600000,0.41590000,0.41680000,0.41500000,0.41510000,119012.00000000,1696990499999,49532.66952000,143,29454.90000000,12250.36157000,0
1696990500000,0.41500000,0.41500000,0.41270000,0.41350000,417930.50000000,1696991399999,172812.29639000,436,150780.60000000,62341.66376000,0
1696991400000,0.41390000,0.41390000,0.40350000,0.40830000,1895197.10000000,1696992299999,773710.55855000,3067,764246.60000000,311719.16121000,0
1696992300000,0.40810000,0.41000000,0.40790000,0.40930000,364960.60000000,1696993199999,149258.60964000,511,156935.90000000,64207.82853000,0
1696993200000,0.40920000,0.41050000,0.40800000,0.40910000,209324.00000000,1696994099999,85675.45899000,335,99249.00000000,40613.58519000,0
1696994100000,0.40900000,0.41090000,0.40840000,0.41080000,509815.30000000,1696994999999,208975.30907000,352,332284.10000000,136289.78285000,0
1696995000000,0.41080000,0.41080000,0.40860000,0.40940000,186567.60000000,1696995899999,76378.41889000,242,79609.70000000,32587.57407000,0
1696995900000,0.40950000,0.41040000,0.40810000,0.40830000,178231.10000000,1696996799999,72925.05953000,231,82200.60000000,33649.71294000,0
1696996800000,0.40840000,0.40980000,0.40750000,0.40920000,338137.00000000,1696997699999,138240.95756000,348,152748.70000000,62467.55190000,0
1696997700000,0.40910000,0.41090000,0.40900000,0.41090000,136738.90000000,1696998599999,56050.12169000,211,63714.60000000,26123.92390000,0
1696998600000,0.41090000,0.41090000,0.40890000,0.40920000,627226.80000000,1696999499999,257089.63644000,305,218322.60000000,89404.27349000,0
1696999500000,0.40920000,0.41030000,0.40900000,0.41010000,121066.60000000,1697000399999,49624.63185000,128,65484.20000000,26847.54403000,0
1697000400000,0.41000000,0.41010000,0.40850000,0.40960000,84337.30000000,1697001299999,34522.76292000,126,33907.50000000,13878.07680000,0
1697001300000,0.40960000,0.40970000,0.40770000,0.40870000,73679.70000000,1697002199999,30103.42183000,129,32008.20000000,13078.28322000,0
1697002200000,0.40860000,0.41000000,0.40790000,0.40980000,203166.50000000,1697003099999,83095.23186000,185,116678.40000000,47697.73277000,0
1697003100000,0.40980000,0.41040000,0.40880000,0.40890000,214759.80000000,1697003999999,87904.37685000,178,47794.70000000,19576.47116000,0
1697004000000,0.40900000,0.40930000,0.40720000,0.40740000,203746.90000000,1697004899999,83158.17955000,251,87464.80000000,35698.45436000,0
1697004900000,0.40740000,0.40870000,0.40670000,0.40690000,330732.80000000,1697005799999,134744.28477000,362,124881.00000000,50878.82428000,0
1697005800000,0.40690000,0.40880000,0.40690000,0.40800000,95600.80000000,1697006699999,39011.16963000,155,41665.10000000,17004.65591000,0
1697006700000,0.40810000,0.40820000,0.40750000,0.40820000,85076.40000000,1697007599999,34694.18276000,138,42963.10000000,17520.40226000,0
1697007600000,0.40830000,0.40900000,0.40790000,0.40850000,88302.90000000,1697008499999,36072.31296000,125,44167.00000000,18040.25123000,0
1697008500000,0.40850000,0.40850000,0.40710000,0.40840000,212495.30000000,1697009399999,86649.59842000,175,113129.50000000,46145.33836000,0
1697009400000,0.40840000,0.40890000,0.40790000,0.40880000,163543.40000000,1697010299999,66777.23808000,164,71219.10000000,29089.75056000,0
1697010300000,0.40890000,0.40940000,0.40830000,0.40850000,150119.80000000,1697011199999,61380.32635000,240,80646.10000000,32969.76961000,0
1697011200000,0.40850000,0.40980000,0.40820000,0.40950000,135185.50000000,1697012099999,55276.12167000,227,84132.00000000,34411.07578000,0
1697012100000,0.40940000,0.40980000,0.40820000,0.40830000,149739.70000000,1697012999999,61275.69977000,150,66227.00000000,27115.19870000,0
1697013000000,0.40840000,0.41000000,0.40760000,0.40990000,280158.40000000,1697013899999,114554.07679000,312,128451.40000000,52536.09349000,0
1697013900000,0.40990000,0.41070000,0.40940000,0.41060000,130904.60000000,1697014799999,53675.62158000,195,84939.90000000,34842.45165000,0
1697014800000,0.41060000,0.41090000,0.41010000,0.41090000,356938.60000000,1697015699999,146577.95773000,322,151224.40000000,62111.32186000,0
1697015700000,0.41090000,0.41240000,0.41060000,0.41100000,349259.70000000,1697016599999,143700.08475000,329,181810.60000000,74800.72933000,0
1697016600000,0.41080000,0.41260000,0.41070000,0.41260000,91332.40000000,1697017499999,37581.27391000,142,64217.70000000,26421.93852000,0
1697017500000,0.41270000,0.41360000,0.41210000,0.41300000,327403.50000000,1697018399999,135210.93460000,364,196057.90000000,80976.79922000,0
1697018400000,0.41300000,0.41380000,0.41240000,0.41280000,230964.60000000,1697019299999,95435.31435000,245,149273.50000000,61685.48912000,0
1697019300000,0.41290000,0.41440000,0.41260000,0.41360000,130950.10000000,1697020199999,54176.58433000,212,78999.50000000,32682.14516000,0
1697020200000,0.41340000,0.41380000,0.41300000,0.41340000,247674.00000000,1697021099999,102411.93582000,238,92139.70000000,38091.21208000,0
1697021100000,0.41330000,0.41370000,0.41310000,0.41350000,34167.30000000,1697021999999,14124.32599000,69,25854.30000000,10687.39385000,0
1697022000000,0.41350000,0.41410000,0.41350000,0.41360000,49907.70000000,1697022899999,20651.76055000,87,34443.60000000,14253.01838000,0
1697022900000,0.41350000,0.41390000,0.41230000,0.41230000,145589.30000000,1697023799999,60150.72475000,127,28053.30000000,11579.66484000,0
1697023800000,0.41230000,0.41290000,0.41190000,0.41230000,171194.10000000,1697024699999,70576.18512000,139,92098.90000000,37969.44815000,0
1697024700000,0.41220000,0.41240000,0.41180000,0.41220000,79878.80000000,1697025599999,32922.42317000,137,28577.20000000,11778.59521000,0
1697025600000,0.41220000,0.41350000,0.41210000,0.41280000,168436.50000000,1697026499999,69571.88441000,218,84358.80000000,34837.62531000,0
1697026500000,0.41270000,0.41270000,0.41210000,0.41270000,55495.30000000,1697027399999,22889.97358000,75,28761.60000000,11863.71315000,0
1697027400000,0.41260000,0.41260000,0.40980000,0.41110000,492081.90000000,1697028299999,202124.61208000,618,178308.60000000,73248.34203000,0
1697028300000,0.41100000,0.41210000,0.41060000,0.41160000,164773.50000000,1697029199999,67792.05908000,201,94166.70000000,38739.53843000,0
1697029200000,0.41170000,0.41180000,0.41030000,0.41040000,49495.50000000,1697030099999,20345.76518000,87,20721.10000000,8517.31180000,0
1697030100000,0.41030000,0.41100000,0.41030000,0.41050000,98867.30000000,1697030999999,40601.91397000,115,51152.90000000,21010.72810000,0
1697031000000,0.41060000,0.41070000,0.40950000,0.41020000,143834.00000000,1697031899999,59006.29442000,208,65194.40000000,26749.53384000,0
1697031900000,0.41010000,0.41120000,0.41000000,0.41120000,127036.30000000,1697032799999,52130.20974000,160,54572.30000000,22393.33663000,0
1697032800000,0.41120000,0.41160000,0.41030000,0.41030000,192847.10000000,1697033699999,79270.65182000,183,62777.00000000,25799.43921000,0
1697033700000,0.41040000,0.41050000,0.40890000,0.40900000,173305.30000000,1697034599999,71008.31966000,227,49226.20000000,20165.63784000,0
1697034600000,0.40910000,0.40950000,0.40810000,0.40810000,417477.00000000,1697035499999,170586.36728000,270,105228.60000000,43020.52588000,0
1697035500000,0.40830000,0.40860000,0.40730000,0.40810000,216705.60000000,1697036399999,88386.12455000,208,94165.90000000,38398.09534000,0
1697036400000,0.40810000,0.40870000,0.40580000,0.40670000,286258.10000000,1697037299999,116487.71701000,359,152570.10000000,62095.69381000,0
1697037300000,0.40670000,0.40670000,0.40070000,0.40450000,1532522.60000000,1697038199999,619510.75205000,2020,728871.20000000,294649.34287000,0
1697038200000,0.40450000,0.40640000,0.40360000,0.40400000,619017.00000000,1697039099999,250716.59153000,791,267739.30000000,108462.39741000,0
1697039100000,0.40410000,0.40540000,0.40350000,0.40490000,303089.00000000,1697039999999,122674.53028000,358,188131.00000000,76143.50508000,0
1697040000000,0.40490000,0.40600000,0.40250000,0.40530000,698677.80000000,1697040899999,282763.89324000,771,320846.30000000,129849.68479000,0
1697040900000,0.40500000,0.40580000,0.40410000,0.40580000,243245.50000000,1697041799999,98496.45243000,346,129742.70000000,52542.28554000,0
1697041800000,0.40580000,0.40590000,0.40410000,0.40460000,296077.80000000,1697042699999,119860.42020000,313,189905.70000000,76862.06471000,0
1697042700000,0.40470000,0.40550000,0.40240000,0.40480000,463403.50000000,1697043599999,187189.49527000,540,209700.10000000,84696.60213000,0
1697043600000,0.40460000,0.40560000,0.40390000,0.40550000,112773.00000000,1697044499999,45652.53670000,195,65514.10000000,26519.57660000,0
1697044500000,0.40540000,0.40600000,0.40450000,0.40480000,584971.60000000,1697045399999,236879.16723000,271,406995.00000000,164782.41575000,0
1697045400000,0.40490000,0.40520000,0.40430000,0.40450000,59260.90000000,1697046299999,23987.37312000,129,20139.20000000,8151.07662000,0
1697046300000,0.40430000,0.40540000,0.40360000,0.40490000,221137.50000000,1697047199999,89371.50946000,268,104967.50000000,42425.16803000,0
1697047200000,0.40470000,0.40520000,0.40310000,0.40430000,212475.00000000,1697048099999,85858.58990000,243,119420.60000000,48246.70790000,0
1697048100000,0.40430000,0.40520000,0.40420000,0.40490000,123217.10000000,1697048999999,49882.07228000,183,43359.70000000,17545.64478000,0
1697049000000,0.40510000,0.40580000,0.40460000,0.40480000,86417.90000000,1697049899999,34986.00275000,157,20189.40000000,8175.85250000,0
1697049900000,0.40490000,0.40590000,0.40440000,0.40550000,64580.90000000,1697050799999,26165.97642000,124,49220.20000000,19940.13447000,0
1697050800000,0.40550000,0.40570000,0.40500000,0.40520000,68069.70000000,1697051699999,27587.07916000,94,17654.70000000,7154.39675000,0
1697051700000,0.40520000,0.40540000,0.40460000,0.40510000,67229.90000000,1697052599999,27229.34400000,70,58797.10000000,23813.76348000,0
1697052600000,0.40510000,0.40570000,0.40470000,0.40560000,43373.00000000,1697053499999,17573.69894000,76,27795.80000000,11262.43672000,0
1697053500000,0.40550000,0.40610000,0.40540000,0.40560000,160794.10000000,1697054399999,65223.50202000,177,83497.60000000,33869.12233000,0
1697054400000,0.40570000,0.40580000,0.40510000,0.40540000,84649.60000000,1697055299999,34312.14700000,97,38351.60000000,15546.51022000,0
1697055300000,0.40540000,0.40600000,0.40520000,0.40600000,52246.30000000,1697056199999,21191.21096000,64,39820.30000000,16152.93678000,0
1697056200000,0.40600000,0.40650000,0.40560000,0.40580000,88366.90000000,1697057099999,35887.42986000,149,35844.30000000,14562.95971000,0
1697057100000,0.40590000,0.40740000,0.40580000,0.40740000,90974.10000000,1697057999999,37013.39159000,185,68627.10000000,27921.74421000,0
1697058000000,0.40730000,0.40800000,0.40700000,0.40790000,55350.60000000,1697058899999,22557.21385000,119,20292.90000000,8267.21694000,0
1697058900000,0.40790000,0.41020000,0.40790000,0.40920000,220912.70000000,1697059799999,90432.30601000,328,155726.70000000,63738.04586000,0
1697059800000,0.40910000,0.40950000,0.40870000,0.40950000,115006.10000000,1697060699999,47043.37061000,135,57622.10000000,23576.16090000,0
1697060700000,0.40950000,0.41050000,0.40930000,0.41050000,135186.80000000,1697061599999,55398.07504000,167,76481.10000000,31343.98974000,0
1697061600000,0.41020000,0.41110000,0.41000000,0.41070000,108864.10000000,1697062499999,44694.33224000,162,55415.70000000,22756.81736000,0
1697062500000,0.41060000,0.41120000,0.40990000,0.41100000,63316.40000000,1697063399999,25988.14562000,85,23296.80000000,9559.36750000,0
1697063400000,0.41050000,0.41060000,0.40920000,0.41000000,105423.30000000,1697064299999,43197.56623000,118,58875.60000000,24122.61387000,0
1697064300000,0.41020000,0.41020000,0.40920000,0.40920000,51862.70000000,1697065199999,21246.51709000,64,16009.00000000,6555.13361000,0
1697065200000,0.40940000,0.41000000,0.40870000,0.40950000,154664.30000000,1697066099999,63319.80825000,175,105873.30000000,43347.94019000,0
1697066100000,0.40940000,0.41040000,0.40930000,0.40970000,259146.70000000,1697066999999,106215.25808000,211,169134.80000000,69316.87432000,0
1697067000000,0.40960000,0.41000000,0.40910000,0.41000000,92498.00000000,1697067899999,37893.80705000,109,51963.40000000,21289.50399000,0
1697067900000,0.41010000,0.41030000,0.40930000,0.40990000,110093.90000000,1697068799999,45107.94613000,115,38184.10000000,15648.40016000,0
1697068800000,0.40980000,0.40990000,0.40840000,0.40850000,103117.50000000,1697069699999,42187.27410000,119,34337.70000000,14038.32236000,0
1697069700000,0.40870000,0.40900000,0.40830000,0.40830000,108686.00000000,1697070599999,44406.43243000,108,46096.10000000,18831.92433000,0
1697070600000,0.40830000,0.40900000,0.40780000,0.40790000,125788.10000000,1697071499999,51355.98498000,143,62477.70000000,25509.65331000,0
1697071500000,0.40790000,0.40820000,0.40760000,0.40770000,71961.40000000,1697072399999,29357.64452000,101,47196.60000000,19254.17957000,0
1697072400000,0.40760000,0.40820000,0.40630000,0.40650000,313750.70000000,1697073299999,127795.74335000,294,137005.90000000,55795.30704000,0
1697073300000,0.40650000,0.40690000,0.40520000,0.40660000,108094.70000000,1697074199999,43894.79955000,173,65700.10000000,26682.58145000,0
1697074200000,0.40660000,0.40680000,0.40520000,0.40560000,150140.80000000,1697075099999,60950.79102000,127,38214.30000000,15511.89800000,0
1697075100000,0.40580000,0.40600000,0.40480000,0.40520000,93539.40000000,1697075999999,37905.70039000,117,31510.80000000,12772.40491000,0
1697076000000,0.40520000,0.40600000,0.40470000,0.40600000,229776.00000000,1697076899999,93114.30568000,203,136119.40000000,55157.88554000,0
1697076900000,0.40610000,0.40830000,0.40610000,0.40800000,139973.10000000,1697077799999,57051.24010000,197,73749.20000000,30041.49639000,0
1697077800000,0.40800000,0.40900000,0.40800000,0.40850000,55223.00000000,1697078699999,22558.50160000,103,26699.40000000,10906.79392000,0
1697078700000,0.40860000,0.40970000,0.40860000,0.40900000,71402.40000000,1697079599999,29220.51621000,132,40003.40000000,16365.31714000,0
1697079600000,0.40900000,0.40920000,0.40770000,0.40770000,78050.50000000,1697080499999,31876.03646000,137,34204.40000000,13967.50818000,0
1697080500000,0.40770000,0.40810000,0.40760000,0.40770000,19717.50000000,1697081399999,8040.24776000,52,8223.70000000,3353.32915000,0
1697081400000,0.40780000,0.40830000,0.40760000,0.40800000,53040.10000000,1697082299999,21637.19161000,88,38845.50000000,15846.50357000,0
1697082300000,0.40800000,0.40860000,0.40750000,0.40850000,47473.40000000,1697083199999,19366.65971000,71,24108.30000000,9837.71886000,0
1697083200000,0.40840000,0.40840000,0.40770000,0.40800000,53059.40000000,1697084099999,21647.57868000,75,21749.60000000,8872.54130000,0
1697084100000,0.40800000,0.40940000,0.40790000,0.40940000,68643.80000000,1697084999999,28061.15286000,93,33565.40000000,13720.40977000,0
1697085000000,0.40960000,0.40960000,0.40800000,0.40800000,90363.30000000,1697085899999,36911.83954000,101,53159.30000000,21707.00257000,0
1697085900000,0.40810000,0.40890000,0.40790000,0.40790000,54528.00000000,1697086799999,22263.20126000,76,16110.40000000,6577.69006000,0
1697086800000,0.40790000,0.40860000,0.40770000,0.40820000,77624.70000000,1697087699999,31689.31536000,88,61914.60000000,25276.50049000,0
1697087700000,0.40810000,0.40980000,0.40800000,0.40980000,119530.60000000,1697088599999,48834.65628000,150,80451.50000000,32863.56753000,0
1697088600000,0.40980000,0.41010000,0.40940000,0.40950000,95613.70000000,1697089499999,39180.51963000,108,34236.20000000,14032.81137000,0
1697089500000,0.40960000,0.41080000,0.40960000,0.41080000,195908.20000000,1697090399999,80405.53878000,140,178126.10000000,73112.70145000,0
1697090400000,0.41080000,0.41080000,0.40990000,0.41030000,219431.80000000,1697091299999,90057.62466000,223,94420.30000000,38756.27319000,0
1697091300000,0.41030000,0.41250000,0.41030000,0.41250000,210819.90000000,1697092199999,86761.62551000,321,128628.70000000,52934.01709000,0
1697092200000,0.41240000,0.41290000,0.41100000,0.41100000,228495.00000000,1697093099999,94186.54990000,264,138377.90000000,57051.45610000,0
1697093100000,0.41090000,0.41190000,0.40990000,0.41020000,228334.50000000,1697093999999,93858.57350000,241,69193.40000000,28453.87559000,0
1697094000000,0.41020000,0.41090000,0.40960000,0.41090000,201238.10000000,1697094899999,82549.16574000,174,115463.10000000,47377.88829000,0
1697094900000,0.41090000,0.41100000,0.41010000,0.41080000,92951.60000000,1697095799999,38163.11110000,120,42279.00000000,17363.07076000,0
1697095800000,0.41080000,0.41110000,0.41030000,0.41100000,99701.90000000,1697096699999,40958.99845000,122,42883.20000000,17616.39361000,0
1697096700000,0.41100000,0.41100000,0.40990000,0.41000000,60035.70000000,1697097599999,24637.75480000,84,29284.70000000,12020.71579000,0
1697097600000,0.41040000,0.41120000,0.41020000,0.41050000,252726.80000000,1697098499999,103803.59546000,251,103748.10000000,42611.50868000,0
1697098500000,0.41050000,0.41270000,0.41010000,0.41180000,530320.80000000,1697099399999,218254.09115000,490,304894.90000000,125400.99855000,0
1697099400000,0.41180000,0.41220000,0.41140000,0.41180000,211519.20000000,1697100299999,87112.55730000,234,123572.00000000,50891.44760000,0
1697100300000,0.41170000,0.41200000,0.40990000,0.41030000,145149.50000000,1697101199999,59654.19718000,165,67047.40000000,27540.07670000,0
1697101200000,0.41030000,0.41170000,0.41030000,0.41150000,93992.60000000,1697102099999,38623.65366000,120,40386.00000000,16590.57984000,0
1697102100000,0.41150000,0.41180000,0.40910000,0.40940000,333624.50000000,1697102999999,136732.75630000,393,103153.20000000,42292.13911000,0
1697103000000,0.40930000,0.40950000,0.40660000,0.40790000,529655.00000000,1697103899999,216218.62114000,725,303669.30000000,123994.56799000,0
1697103900000,0.40790000,0.40810000,0.40110000,0.40380000,1020325.00000000,1697104799999,412357.14686000,1549,444540.40000000,179535.57941000,0
1697104800000,0.40370000,0.40570000,0.40280000,0.40570000,578790.70000000,1697105699999,233906.55798000,464,237215.30000000,95954.95157000,0
1697105700000,0.40570000,0.40590000,0.40500000,0.40550000,240429.70000000,1697106599999,97468.75134000,259,63116.40000000,25591.64928000,0
1697106600000,0.40560000,0.40670000,0.40500000,0.40630000,251232.80000000,1697107499999,102025.26864000,215,163392.50000000,66365.80688000,0
1697107500000,0.40630000,0.40700000,0.40610000,0.40610000,173678.40000000,1697108399999,70624.83619000,147,59424.50000000,24160.28370000,0
1697108400000,0.40610000,0.40730000,0.40600000,0.40650000,141623.10000000,1697109299999,57622.88518000,160,74758.90000000,30420.33862000,0
1697109300000,0.40650000,0.40730000,0.40610000,0.40650000,73091.50000000,1697110199999,29714.40689000,94,28744.90000000,11684.52176000,0
1697110200000,0.40680000,0.40730000,0.40650000,0.40650000,92399.50000000,1697111099999,37601.82565000,111,37886.10000000,15420.26625000,0
1697111100000,0.40660000,0.40880000,0.40630000,0.40820000,184134.90000000,1697111999999,75099.44136000,361,88911.10000000,36241.84718000,0
1697112000000,0.40830000,0.40870000,0.40720000,0.40750000,93589.20000000,1697112899999,38166.87319000,147,51493.60000000,21000.15178000,0
1697112900000,0.40760000,0.40770000,0.40650000,0.40720000,119509.00000000,1697113799999,48666.40391000,167,68169.20000000,27761.52146000,0
1697113800000,0.40710000,0.40830000,0.40590000,0.40710000,509158.90000000,1697114699999,207147.17967000,423,212702.50000000,86589.41952000,0
1697114700000,0.40720000,0.40780000,0.40590000,0.40750000,432873.70000000,1697115599999,176147.45312000,349,266045.70000000,108276.23285000,0
1697115600000,0.40740000,0.40860000,0.40730000,0.40800000,126164.60000000,1697116499999,51490.00857000,153,63359.40000000,25860.85403000,0
1697116500000,0.40840000,0.40900000,0.40730000,0.40780000,312885.40000000,1697117399999,127684.33289000,308,164808.90000000,67239.57171000,0
1697117400000,0.40790000,0.40860000,0.40690000,0.40720000,158508.00000000,1697118299999,64624.44842000,203,75170.60000000,30639.96525000,0
1697118300000,0.40700000,0.40760000,0.40600000,0.40760000,154423.40000000,1697119199999,62825.47358000,188,57354.80000000,23342.64772000,0
1697119200000,0.40740000,0.40800000,0.40660000,0.40770000,96753.80000000,1697120099999,39417.71057000,146,40855.50000000,16646.19432000,0
1697120100000,0.40780000,0.40780000,0.40620000,0.40650000,226607.30000000,1697120999999,92222.16465000,199,47407.90000000,19287.30969000,0
1697121000000,0.40660000,0.40720000,0.40560000,0.40670000,246889.40000000,1697121899999,100320.45175000,315,96455.20000000,39188.43402000,0
1697121900000,0.40630000,0.40730000,0.40630000,0.40720000,127496.10000000,1697122799999,51865.53730000,156,49152.00000000,20002.25836000,0
1697122800000,0.40720000,0.40880000,0.40680000,0.40870000,121949.90000000,1697123699999,49751.17841000,169,67829.40000000,27666.65888000,0
1697123700000,0.40880000,0.40920000,0.40720000,0.40720000,110168.30000000,1697124599999,44979.86788000,156,53204.70000000,21739.70615000,0
1697124600000,0.40690000,0.40760000,0.40670000,0.40690000,219700.70000000,1697125499999,89429.97302000,198,61126.00000000,24875.60672000,0
1697125500000,0.40690000,0.40800000,0.40650000,0.40680000,167660.60000000,1697126399999,68294.05566000,179,83837.40000000,34170.95880000,0
1697126400000,0.40680000,0.40710000,0.40600000,0.40610000,95557.80000000,1697127299999,38851.97572000,172,51022.30000000,20745.08876000,0
1697127300000,0.40610000,0.40670000,0.40060000,0.40460000,1354036.10000000,1697128199999,546097.85943000,2000,660830.80000000,266540.54180000,0
1697128200000,0.40470000,0.40620000,0.40340000,0.40470000,415317.80000000,1697129099999,168213.88681000,575,179229.50000000,72584.39897000,0
1697129100000,0.40470000,0.40550000,0.40330000,0.40420000,291889.90000000,1697129999999,117996.29662000,380,175567.90000000,70957.91856000,0
1697130000000,0.40400000,0.40420000,0.40190000,0.40370000,495641.00000000,1697130899999,199876.73918000,516,266613.90000000,107511.54982000,0
1697130900000,0.40370000,0.40440000,0.40290000,0.40310000,274012.70000000,1697131799999,110580.47080000,295,137104.90000000,55335.48001000,0
1697131800000,0.40320000,0.40430000,0.40150000,0.40400000,753722.00000000,1697132699999,303313.07004000,511,132101.50000000,53195.24768000,0
1697132700000,0.40390000,0.40430000,0.40340000,0.40360000,262707.70000000,1697133599999,106069.46357000,203,154199.30000000,62266.20900000,0
1697133600000,0.40350000,0.40380000,0.40260000,0.40350000,96045.00000000,1697134499999,38716.21233000,142,49412.80000000,19920.64816000,0
1697134500000,0.40350000,0.40440000,0.40290000,0.40420000,89110.70000000,1697135399999,35961.61911000,131,33997.10000000,13725.20996000,0
1697135400000,0.40430000,0.40500000,0.40400000,0.40430000,100810.20000000,1697136299999,40778.70814000,164,53890.80000000,21798.62578000,0
1697136300000,0.40410000,0.40430000,0.40330000,0.40350000,87906.30000000,1697137199999,35478.93871000,152,50125.00000000,20225.59414000,0
1697137200000,0.40350000,0.40380000,0.40250000,0.40380000,96762.20000000,1697138099999,38998.44296000,117,67402.70000000,27168.43636000,0
1697138100000,0.40380000,0.40480000,0.40350000,0.40450000,57424.60000000,1697138999999,23212.46617000,89,29867.10000000,12077.00846000,0
1697139000000,0.40450000,0.40630000,0.40450000,0.40590000,122523.10000000,1697139899999,49714.42274000,378,57985.70000000,23525.90814000,0
1697139900000,0.40590000,0.40610000,0.40520000,0.40560000,74933.60000000,1697140799999,30400.22175000,136,33445.30000000,13570.80017000,0
1697140800000,0.40560000,0.40670000,0.40500000,0.40670000,402195.00000000,1697141699999,163093.53768000,473,243243.60000000,98671.17049000,0
1697141700000,0.40670000,0.40690000,0.40640000,0.40660000,139402.70000000,1697142599999,56692.19014000,149,83864.60000000,34108.22705000,0
1697142600000,0.40660000,0.40810000,0.40660000,0.40780000,115412.10000000,1697143499999,47051.75155000,194,52564.30000000,21422.40436000,0
1697143500000,0.40780000,0.40870000,0.40780000,0.40870000,113493.20000000,1697144399999,46312.91603000,138,99111.90000000,40442.96444000,0
1697144400000,0.40870000,0.40900000,0.40780000,0.40820000,174788.70000000,1697145299999,71416.18446000,256,70512.00000000,28816.11017000,0
1697145300000,0.40810000,0.40850000,0.40770000,0.40840000,54726.30000000,1697146199999,22331.67088000,82,23667.60000000,9657.98330000,0
1697146200000,0.40840000,0.40890000,0.40800000,0.40840000,112801.90000000,1697147099999,46070.98195000,138,55998.80000000,22871.98515000,0
1697147100000,0.40840000,0.40890000,0.40820000,0.40890000,74344.10000000,1697147999999,30367.55212000,88,37946.60000000,15498.37340000,0
1697148000000,0.40900000,0.40920000,0.40820000,0.40890000,88749.10000000,1697148899999,36277.37707000,107,48971.00000000,20018.20878000,0
1697148900000,0.40900000,0.40900000,0.40810000,0.40850000,124222.90000000,1697149799999,50742.94742000,156,78753.40000000,32164.74591000,0
1697149800000,0.40840000,0.40880000,0.40800000,0.40820000,243957.20000000,1697150699999,99657.97953000,292,108335.40000000,44268.79478000,0
1697150700000,0.40820000,0.40910000,0.40820000,0.40890000,84753.90000000,1697151599999,34638.85210000,152,35555.20000000,14530.47440000,0
1697151600000,0.40890000,0.40910000,0.40790000,0.40790000,116630.50000000,1697152499999,47661.34783000,129,31032.10000000,12680.60837000,0
1697152500000,0.40790000,0.40820000,0.40740000,0.40800000,107925.10000000,1697153399999,44016.59734000,156,36929.90000000,15060.57042000,0
1697153400000,0.40770000,0.40840000,0.40770000,0.40790000,37184.30000000,1697154299999,15179.38162000,52,28809.90000000,11761.42284000,0
1697154300000,0.40790000,0.40790000,0.40730000,0.40740000,58776.90000000,1697155199999,23953.70783000,111,23023.10000000,9380.30369000,0
1697155200000,0.40730000,0.40730000,0.40630000,0.40670000,199246.60000000,1697156099999,81056.53316000,279,97999.20000000,39870.63572000,0
1697156100000,0.40680000,0.40770000,0.40650000,0.40690000,241959.30000000,1697156999999,98522.50523000,300,74305.20000000,30252.93400000,0
1697157000000,0.40700000,0.40770000,0.40620000,0.40620000,196230.50000000,1697157899999,79854.41431000,276,76347.50000000,31063.82687000,0
1697157900000,0.40610000,0.40680000,0.40580000,0.40660000,54592.80000000,1697158799999,22175.51257000,96,39086.40000000,15875.80631000,0
1697158800000,0.40660000,0.40750000,0.40620000,0.40690000,135866.10000000,1697159699999,55308.45650000,152,80002.90000000,32559.39756000,0
1697159700000,0.40700000,0.40760000,0.40620000,0.40670000,386602.20000000,1697160599999,157436.12291000,256,128788.40000000,52418.56677000,0
1697160600000,0.40680000,0.40710000,0.40640000,0.40660000,110115.00000000,1697161499999,44791.98685000,148,37878.80000000,15406.25236000,0
1697161500000,0.40670000,0.40780000,0.40670000,0.40740000,61894.40000000,1697162399999,25205.50360000,102,34944.00000000,14230.01110000,0
1697162400000,0.40740000,0.40790000,0.40720000,0.40770000,72318.00000000,1697163299999,29473.71158000,151,31686.40000000,12911.96183000,0
1697163300000,0.40770000,0.40860000,0.40770000,0.40820000,60815.50000000,1697164199999,24829.05533000,129,26023.80000000,10626.04312000,0
1697164200000,0.40820000,0.40840000,0.40770000,0.40810000,58513.70000000,1697165099999,23877.22960000,82,48433.30000000,19764.54060000,0
1697165100000,0.40790000,0.40850000,0.40750000,0.40850000,105259.20000000,1697165999999,42958.72204000,123,65693.80000000,26816.02827000,0
1697166000000,0.40850000,0.40870000,0.40800000,0.40850000,100285.20000000,1697166899999,40957.63129000,122,68275.80000000,27884.13848000,0
1697166900000,0.40850000,0.40870000,0.40760000,0.40760000,86890.30000000,1697167799999,35460.12010000,89,39902.10000000,16287.10677000,0
1697167800000,0.40770000,0.40780000,0.40610000,0.40630000,241872.50000000,1697168699999,98361.34616000,246,83269.60000000,33862.36830000,0
1697168700000,0.40620000,0.40640000,0.40560000,0.40580000,83982.70000000,1697169599999,34083.10410000,109,42122.80000000,17094.59313000,0
1697169600000,0.40590000,0.40710000,0.40590000,0.40670000,114738.50000000,1697170499999,46666.56015000,121,29927.00000000,12172.55685000,0
1697170500000,0.40680000,0.40690000,0.40620000,0.40660000,52569.80000000,1697171399999,21372.37324000,80,24426.40000000,9930.98893000,0
1697171400000,0.40650000,0.40740000,0.40640000,0.40660000,82317.50000000,1697172299999,33494.81271000,119,36504.10000000,14849.95487000,0
1697172300000,0.40660000,0.40760000,0.40640000,0.40750000,163681.80000000,1697173199999,66638.14890000,138,119254.90000000,48560.26988000,0
1697173200000,0.40750000,0.40810000,0.40750000,0.40800000,97875.90000000,1697174099999,39920.72378000,127,39066.10000000,15935.57809000,0
1697174100000,0.40820000,0.40840000,0.40710000,0.40710000,66399.00000000,1697174999999,27055.96249000,134,15887.10000000,6470.19631000,0
1697175000000,0.40710000,0.40750000,0.40700000,0.40740000,72719.50000000,1697175899999,29606.89190000,101,52652.40000000,21435.32502000,0
1697175900000,0.40740000,0.40770000,0.40740000,0.40740000,65241.00000000,1697176799999,26588.08790000,127,39527.00000000,16108.99064000,0
1697176800000,0.40750000,0.40780000,0.40740000,0.40740000,128322.90000000,1697177699999,52302.41668000,145,52826.20000000,21531.85679000,0
1697177700000,0.40740000,0.40750000,0.40700000,0.40710000,30527.80000000,1697178599999,12430.49414000,63,12564.00000000,5115.51539000,0
1697178600000,0.40700000,0.40820000,0.40690000,0.40800000,155796.90000000,1697179499999,63506.17116000,133,106162.70000000,43281.76118000,0
1697179500000,0.40800000,0.40840000,0.40730000,0.40740000,45936.20000000,1697180399999,18733.06816000,79,11453.70000000,4669.30253000,0
1697180400000,0.40750000,0.40800000,0.40720000,0.40800000,128392.70000000,1697181299999,52343.77029000,186,62361.40000000,25427.59147000,0
1697181300000,0.40810000,0.40920000,0.40810000,0.40860000,415432.40000000,1697182199999,169841.12482000,597,207043.50000000,84647.48960000,0
1697182200000,0.40860000,0.40980000,0.40860000,0.40930000,281818.50000000,1697183099999,115359.90223000,385,164561.10000000,67356.04106000,0
1697183100000,0.40920000,0.40940000,0.40820000,0.40860000,124258.60000000,1697183999999,50762.14692000,213,34310.70000000,14021.60711000,0
1697184000000,0.40860000,0.40940000,0.40850000,0.40870000,127642.30000000,1697184899999,52193.37256000,180,61856.90000000,25292.29802000,0
1697184900000,0.40870000,0.40890000,0.40780000,0.40810000,208161.50000000,1697185799999,84961.78533000,240,34114.10000000,13926.34330000,0
1697185800000,0.40810000,0.40980000,0.40800000,0.40880000,627998.40000000,1697186699999,256809.34473000,514,334070.00000000,136572.46735000,0
1697186700000,0.40880000,0.40920000,0.40810000,0.40820000,210732.10000000,1697187599999,86135.72820000,231,77421.00000000,31640.06266000,0
1697187600000,0.40820000,0.40840000,0.40780000,0.40830000,29489.60000000,1697188499999,12034.00229000,75,16203.90000000,6612.29764000,0
1697188500000,0.40820000,0.40850000,0.40800000,0.40810000,86558.00000000,1697189399999,35331.00478000,107,28750.50000000,11735.44102000,0
1697189400000,0.40800000,0.40870000,0.40760000,0.40760000,116464.90000000,1697190299999,47546.47817000,181,59619.50000000,24335.66606000,0
1697190300000,0.40760000,0.40770000,0.40690000,0.40710000,192145.80000000,1697191199999,78283.49541000,173,71220.90000000,29021.66311000,0
1697191200000,0.40710000,0.40790000,0.40710000,0.40770000,103220.40000000,1697192099999,42065.78425000,150,47370.20000000,19303.15241000,0
1697192100000,0.40770000,0.40860000,0.40760000,0.40830000,92373.00000000,1697192999999,37710.99225000,151,43421.90000000,17723.81059000,0
1697193000000,0.40830000,0.40880000,0.40830000,0.40840000,64461.50000000,1697193899999,26345.57088000,85,20880.80000000,8532.60260000,0
1697193900000,0.40840000,0.40880000,0.40840000,0.40870000,104150.20000000,1697194799999,42552.66813000,115,64046.20000000,26169.25153000,0
1697194800000,0.40880000,0.40920000,0.40840000,0.40920000,101658.90000000,1697195699999,41559.63259000,135,53150.00000000,21726.58951000,0
1697195700000,0.40920000,0.40980000,0.40870000,0.40980000,185805.10000000,1697196599999,76016.45432000,234,117448.50000000,48056.58745000,0
1697196600000,0.40970000,0.41000000,0.40910000,0.40980000,296359.80000000,1697197499999,121387.90285000,357,124552.50000000,51014.02978000,0
1697197500000,0.40970000,0.41020000,0.40930000,0.41010000,225622.10000000,1697198399999,92436.47114000,243,160750.50000000,65852.82729000,0
1697198400000,0.41010000,0.41060000,0.40900000,0.41030000,187258.60000000,1697199299999,76732.42701000,226,95350.50000000,39084.02774000,0
1697199300000,0.41030000,0.41170000,0.41030000,0.41110000,331077.00000000,1697200199999,136038.53142000,369,134746.00000000,55373.53792000,0
1697200200000,0.41110000,0.41270000,0.41090000,0.41160000,259448.10000000,1697201099999,106837.40236000,362,154273.00000000,63537.27425000,0
1697201100000,0.41170000,0.41270000,0.41120000,0.41250000,210340.60000000,1697201999999,86675.38438000,265,144447.40000000,59522.16272000,0
1697202000000,0.41250000,0.41290000,0.41100000,0.41190000,270078.40000000,1697202899999,111298.94214000,304,141728.90000000,58395.70634000,0
1697202900000,0.41180000,0.41200000,0.41110000,0.41140000,159027.20000000,1697203799999,65434.16644000,198,97550.60000000,40135.58502000,0
1697203800000,0.41140000,0.41160000,0.41020000,0.41050000,144057.40000000,1697204699999,59170.81558000,154,46613.60000000,19141.86303000,0
1697204700000,0.41050000,0.41360000,0.40980000,0.41290000,1468881.30000000,1697205599999,605289.84449000,1243,957686.80000000,394836.04713000,0
1697205600000,0.41280000,0.41870000,0.41210000,0.41760000,2191558.90000000,1697206499999,911030.90236000,2321,1109384.60000000,461036.41089000,0
1697206500000,0.41780000,0.42430000,0.41680000,0.42140000,3014534.20000000,1697207399999,1268397.18094000,2993,1812276.20000000,762189.72730000,0
1697207400000,0.42160000,0.42210000,0.41600000,0.41620000,1030740.40000000,1697208299999,430946.00473000,1456,480730.60000000,200985.88424000,0
1697208300000,0.41600000,0.41710000,0.41310000,0.41420000,1036367.10000000,1697209199999,429968.80621000,1132,493805.20000000,204974.60209000,0
1697209200000,0.41410000,0.41570000,0.41150000,0.41240000,911964.30000000,1697210099999,377356.90973000,1042,488449.60000000,202079.95818000,0
1697210100000,0.41250000,0.41330000,0.41150000,0.41330000,316866.00000000,1697210999999,130699.92267000,427,153426.40000000,63286.04503000,0
1697211000000,0.41330000,0.41390000,0.41250000,0.41320000,206736.60000000,1697211899999,85431.38712000,265,141613.60000000,58513.09078000,0
1697211900000,0.41330000,0.41410000,0.41300000,0.41320000,266938.60000000,1697212799999,110362.10326000,285,137639.30000000,56919.32220000,0
1697212800000,0.41310000,0.41470000,0.41310000,0.41420000,166105.30000000,1697213699999,68745.36747000,245,81444.90000000,33703.60673000,0
1697213700000,0.41430000,0.41520000,0.41420000,0.41490000,235740.90000000,1697214599999,97785.67476000,278,156006.40000000,64715.71464000,0
1697214600000,0.41480000,0.41710000,0.41450000,0.41700000,340803.40000000,1697215499999,141812.74180000,369,218577.60000000,90953.56206000,0
1697215500000,0.41710000,0.41730000,0.41490000,0.41510000,272439.00000000,1697216399999,113337.28735000,306,98537.80000000,40999.06235000,0
1697216400000,0.41530000,0.41530000,0.41390000,0.41450000,264108.50000000,1697217299999,109490.77984000,283,100420.00000000,41636.61202000,0
1697217300000,0.41450000,0.41530000,0.41380000,0.41380000,138670.00000000,1697218199999,57475.11071000,186,49481.40000000,20511.93484000,0
1697218200000,0.41380000,0.41450000,0.41300000,0.41430000,164880.80000000,1697219099999,68223.39647000,193,102598.60000000,42464.47499000,0
1697219100000,0.41430000,0.41440000,0.41320000,0.41320000,57745.00000000,1697219999999,23886.72439000,105,24547.30000000,10153.60011000,0
1697220000000,0.41340000,0.41360000,0.41270000,0.41320000,160505.60000000,1697220899999,66313.83649000,180,79295.90000000,32764.92307000,0
1697220900000,0.41310000,0.41370000,0.41260000,0.41290000,67890.80000000,1697221799999,28036.81453000,104,20162.30000000,8326.00077000,0
1697221800000,0.41300000,0.41340000,0.41180000,0.41240000,164646.50000000,1697222699999,67907.18567000,208,64118.70000000,26449.48428000,0
1697222700000,0.41240000,0.41250000,0.41170000,0.41200000,139929.20000000,1697223599999,57669.41833000,184,63455.90000000,26151.28631000,0
1697223600000,0.41200000,0.41240000,0.41090000,0.41180000,145328.80000000,1697224499999,59818.72915000,251,71897.30000000,29601.44670000,0
1697224500000,0.41170000,0.41190000,0.41140000,0.41180000,73516.70000000,1697225399999,30264.26908000,156,19868.80000000,8178.91570000,0
1697225400000,0.41190000,0.41200000,0.41050000,0.41070000,104286.00000000,1697226299999,42876.02655000,194,45099.00000000,18540.95357000,0
1697226300000,0.41070000,0.41080000,0.40990000,0.41060000,216896.40000000,1697227199999,88980.64429000,289,66824.40000000,27415.40252000,0
1697227200000,0.41070000,0.41170000,0.41060000,0.41150000,131595.90000000,1697228099999,54105.32594000,180,64503.10000000,26523.75173000,0
1697228100000,0.41160000,0.41180000,0.41100000,0.41160000,67848.30000000,1697228999999,27913.96280000,118,41304.30000000,16994.84422000,0
1697229000000,0.41150000,0.41150000,0.41030000,0.41080000,127798.80000000,1697229899999,52488.98762000,145,20067.70000000,8240.60168000,0
1697229900000,0.41080000,0.41560000,0.41000000,0.41450000,928041.10000000,1697230799999,383348.79687000,1036,455492.70000000,188123.21412000,0
1697230800000,0.41490000,0.41720000,0.41340000,0.41350000,904439.60000000,1697231699999,376153.80675000,1069,442972.00000000,184256.85053000,0
1697231700000,0.41350000,0.41590000,0.41340000,0.41480000,744486.10000000,1697232599999,308750.70781000,812,351905.20000000,145918.64997000,0
1697232600000,0.41490000,0.41620000,0.41480000,0.41550000,104058.20000000,1697233499999,43238.41284000,158,61960.00000000,25741.38861000,0
1697233500000,0.41550000,0.41670000,0.41490000,0.41490000,134795.50000000,1697234399999,56074.74900000,191,60609.60000000,25215.95187000,0
1697234400000,0.41480000,0.41600000,0.41450000,0.41540000,224923.80000000,1697235299999,93437.66294000,245,108076.10000000,44887.78255000,0
1697235300000,0.41560000,0.41640000,0.41420000,0.41440000,218468.10000000,1697236199999,90700.74422000,202,153389.90000000,63689.98773000,0
1697236200000,0.41420000,0.41430000,0.41240000,0.41340000,239961.50000000,1697237099999,99196.95684000,295,80231.50000000,33162.67670000,0
1697237100000,0.41350000,0.41370000,0.41190000,0.41300000,200055.70000000,1697237999999,82536.80852000,234,47842.70000000,19742.79904000,0
1697238000000,0.41320000,0.41320000,0.41220000,0.41270000,171671.00000000,1697238899999,70841.71017000,187,70524.90000000,29108.44375000,0
1697238900000,0.41270000,0.41330000,0.41240000,0.41280000,94497.80000000,1697239799999,39003.67579000,152,55017.40000000,22708.95432000,0
1697239800000,0.41270000,0.41330000,0.41250000,0.41330000,62519.50000000,1697240699999,25811.35063000,96,26023.70000000,10744.91567000,0
1697240700000,0.41320000,0.41340000,0.41270000,0.41340000,39190.60000000,1697241599999,16189.71336000,73,19687.60000000,8133.67160000,0
1697241600000,0.41350000,0.41360000,0.41140000,0.41320000,148752.10000000,1697242499999,61309.84378000,199,71523.30000000,29470.30734000,0
1697242500000,0.41320000,0.41470000,0.41250000,0.41460000,143440.20000000,1697243399999,59335.30263000,166,78678.80000000,32550.26779000,0
1697243400000,0.41470000,0.41540000,0.41420000,0.41540000,199323.80000000,1697244299999,82646.24264000,262,100376.60000000,41626.77062000,0
1697244300000,0.41530000,0.41590000,0.41450000,0.41580000,130822.80000000,1697245199999,54338.40385000,180,82849.90000000,34422.44751000,0
1697245200000,0.41570000,0.41590000,0.41420000,0.41480000,93823.80000000,1697246099999,38945.50322000,152,68011.30000000,28234.23636000,0
1697246100000,0.41480000,0.41580000,0.41470000,0.41570000,134652.00000000,1697246999999,55904.78983000,191,89361.70000000,37105.46892000,0
1697247000000,0.41560000,0.41600000,0.41470000,0.41580000,83170.40000000,1697247899999,34535.02114000,133,62027.90000000,25754.55513000,0
1697247900000,0.41570000,0.41670000,0.41570000,0.41640000,137049.00000000,1697248799999,57037.98370000,224,99829.10000000,41549.46428000,0
1697248800000,0.41620000,0.41680000,0.41550000,0.41660000,174580.30000000,1697249699999,72667.30284000,222,128640.40000000,53556.84064000,0
1697249700000,0.41660000,0.41700000,0.41590000,0.41680000,90565.10000000,1697250599999,37717.41907000,158,34622.40000000,14415.10741000,0
1697250600000,0.41680000,0.41720000,0.41600000,0.41610000,155699.80000000,1697251499999,64890.27104000,160,99450.00000000,41449.89154000,0
1697251500000,0.41620000,0.41620000,0.41500000,0.41520000,196365.90000000,1697252399999,81562.78221000,223,65417.90000000,27179.48015000,0
1697252400000,0.41520000,0.41540000,0.41460000,0.41500000,118681.50000000,1697253299999,49237.43462000,138,64455.60000000,26739.24162000,0
1697253300000,0.41510000,0.41570000,0.41470000,0.41510000,77717.80000000,1697254199999,32261.69593000,132,39094.50000000,16223.08783000,0
1697254200000,0.41510000,0.41640000,0.41470000,0.41620000,76184.50000000,1697255099999,31655.71158000,128,43399.60000000,18034.82991000,0
1697255100000,0.41610000,0.41650000,0.41580000,0.41620000,101242.60000000,1697255999999,42137.25647000,122,50239.10000000,20913.61090000,0
1697256000000,0.41630000,0.41720000,0.41560000,0.41710000,260610.10000000,1697256899999,108537.55426000,332,182384.20000000,75949.60528000,0
1697256900000,0.41720000,0.41720000,0.41660000,0.41690000,65883.70000000,1697257799999,27464.53624000,109,39529.50000000,16478.35216000,0
1697257800000,0.41690000,0.41860000,0.41690000,0.41810000,338877.30000000,1697258699999,141563.84036000,264,207407.70000000,86627.42072000,0
1697258700000,0.41800000,0.41800000,0.41680000,0.41700000,106705.80000000,1697259599999,44526.20162000,129,30528.70000000,12737.27820000,0
1697259600000,0.41710000,0.41710000,0.41610000,0.41700000,117254.70000000,1697260499999,48833.65287000,116,43862.00000000,18273.15027000,0
1697260500000,0.41690000,0.41690000,0.41630000,0.41660000,34329.10000000,1697261399999,14302.85793000,73,12023.10000000,5009.08479000,0
1697261400000,0.41650000,0.41660000,0.41560000,0.41580000,38878.20000000,1697262299999,16179.72822000,86,14505.30000000,6037.83126000,0
1697262300000,0.41580000,0.41610000,0.41490000,0.41580000,202318.40000000,1697263199999,84082.41121000,202,152966.90000000,63575.71097000,0
1697263200000,0.41580000,0.41630000,0.41530000,0.41630000,51733.70000000,1697264099999,21510.70049000,110,24687.70000000,10264.36670000,0
1697264100000,0.41620000,0.41650000,0.41490000,0.41510000,154808.30000000,1697264999999,64351.84715000,158,51913.40000000,21577.99715000,0
1697265000000,0.41500000,0.41610000,0.41500000,0.41580000,87387.30000000,1697265899999,36320.01796000,104,25890.00000000,10761.16037000,0
1697265900000,0.41570000,0.41640000,0.41520000,0.41600000,182621.80000000,1697266799999,75914.89520000,139,82996.60000000,34499.54615000,0
1697266800000,0.41560000,0.41610000,0.41490000,0.41610000,169298.00000000,1697267699999,70290.75566000,176,110396.20000000,45834.21576000,0
1697267700000,0.41610000,0.41680000,0.41590000,0.41600000,117940.90000000,1697268599999,49120.61042000,156,65975.70000000,27476.61328000,0
1697268600000,0.41600000,0.41620000,0.41560000,0.41580000,32156.60000000,1697269499999,13373.34187000,54,5136.00000000,2135.98179000,0
1697269500000,0.41580000,0.41680000,0.41580000,0.41680000,92559.30000000,1697270399999,38537.89139000,121,35403.20000000,14739.81124000,0
1697270400000,0.41680000,0.41720000,0.41620000,0.41700000,215293.70000000,1697271299999,89705.21427000,179,61337.50000000,25554.20177000,0
1697271300000,0.41700000,0.41810000,0.41690000,0.41800000,97261.70000000,1697272199999,40598.88794000,157,32432.80000000,13540.85641000,0
1697272200000,0.41800000,0.41820000,0.41610000,0.41610000,84019.30000000,1697273099999,35079.00191000,139,17705.00000000,7393.26737000,0
1697273100000,0.41610000,0.41690000,0.41600000,0.41690000,125589.00000000,1697273999999,52292.66165000,128,64198.90000000,26731.04068000,0
1697274000000,0.41690000,0.41740000,0.41610000,0.41660000,93288.20000000,1697274899999,38862.66743000,138,32556.60000000,13566.17133000,0
1697274900000,0.41660000,0.41700000,0.41610000,0.41610000,49443.90000000,1697275799999,20593.58956000,90,18516.40000000,7712.37844000,0
1697275800000,0.41600000,0.41720000,0.41540000,0.41690000,74879.90000000,1697276699999,31156.48200000,176,38453.10000000,16003.15819000,0
1697276700000,0.41690000,0.41800000,0.41630000,0.41790000,73604.30000000,1697277599999,30708.52314000,119,55903.20000000,23330.20143000,0
1697277600000,0.41780000,0.41780000,0.41690000,0.41700000,155251.80000000,1697278499999,64788.09315000,137,85611.90000000,35726.00416000,0
1697278500000,0.41700000,0.41790000,0.41670000,0.41700000,113159.50000000,1697279399999,47217.25030000,149,40379.90000000,16850.99175000,0
1697279400000,0.41690000,0.41710000,0.41670000,0.41670000,38898.40000000,1697280299999,16216.11448000,74,22065.60000000,9198.37482000,0
1697280300000,0.41670000,0.41760000,0.41670000,0.41730000,78749.20000000,1697281199999,32848.30103000,107,43381.50000000,18091.87162000,0
1697281200000,0.41750000,0.41750000,0.41540000,0.41570000,242255.60000000,1697282099999,100801.52645000,235,62839.70000000,26136.16030000,0
1697282100000,0.41570000,0.41630000,0.41490000,0.41630000,243044.30000000,1697282999999,100972.09802000,270,164250.20000000,68252.03877000,0
1697283000000,0.41620000,0.41640000,0.41540000,0.41540000,69692.00000000,1697283899999,28980.53409000,91,23165.80000000,9635.21912000,0
1697283900000,0.41540000,0.41580000,0.41500000,0.41580000,120518.30000000,1697284799999,50055.65424000,140,46467.50000000,19303.25623000,0
1697284800000,0.41570000,0.41610000,0.41370000,0.41420000,157144.20000000,1697285699999,65151.69221000,252,51654.70000000,21424.30654000,0
1697285700000,0.41420000,0.41430000,0.41280000,0.41360000,301029.20000000,1697286599999,124495.40808000,347,105471.30000000,43628.86669000,0
1697286600000,0.41370000,0.41480000,0.41340000,0.41450000,173715.20000000,1697287499999,71955.84616000,259,95226.40000000,39440.95217000,0
1697287500000,0.41470000,0.41500000,0.41450000,0.41480000,37911.10000000,1697288399999,15723.42720000,89,16987.30000000,7045.42206000,0
1697288400000,0.41490000,0.41520000,0.41400000,0.41470000,115141.60000000,1697289299999,47707.06514000,146,44756.80000000,18542.35368000,0
1697289300000,0.41470000,0.41530000,0.41450000,0.41490000,90505.60000000,1697290199999,37537.87833000,144,39884.50000000,16544.19019000,0
1697290200000,0.41480000,0.41560000,0.41480000,0.41550000,42749.20000000,1697291099999,17749.94152000,92,13341.40000000,5540.80438000,0
1697291100000,0.41560000,0.41590000,0.41520000,0.41570000,89269.10000000,1697291999999,37092.65102000,119,55511.70000000,23069.69176000,0
1697292000000,0.41580000,0.41600000,0.41540000,0.41600000,53809.90000000,1697292899999,22371.80165000,114,21181.10000000,8805.40701000,0
1697292900000,0.41600000,0.41620000,0.41530000,0.41580000,173111.40000000,1697293799999,71968.41837000,166,63525.60000000,26403.95846000,0
1697293800000,0.41590000,0.41600000,0.41510000,0.41540000,63218.60000000,1697294699999,26274.50390000,119,17808.30000000,7401.12892000,0
1697294700000,0.41540000,0.41540000,0.41500000,0.41530000,33100.60000000,1697295599999,13740.67832000,69,15676.10000000,6508.49030000,0
1697295600000,0.41540000,0.41600000,0.41480000,0.41600000,136025.40000000,1697296499999,56487.56580000,191,86590.90000000,35964.55058000,0
1697296500000,0.41610000,0.41670000,0.41590000,0.41670000,71216.60000000,1697297399999,29647.95195000,143,47075.80000000,19599.41402000,0
1697297400000,0.41660000,0.41740000,0.41640000,0.41740000,97340.50000000,1697298299999,40594.32301000,184,62784.80000000,26184.89157000,0
1697298300000,0.41730000,0.41800000,0.41640000,0.41760000,207528.30000000,1697299199999,86603.26176000,268,126823.60000000,52926.57131000,0
1697299200000,0.41750000,0.41780000,0.41680000,0.41710000,165683.70000000,1697300099999,69161.86300000,277,58969.10000000,24619.06798000,0
1697300100000,0.41700000,0.41770000,0.41600000,0.41610000,274952.00000000,1697300999999,114572.92967000,343,116230.80000000,48442.62682000,0
1697301000000,0.41610000,0.41650000,0.41560000,0.41580000,100332.60000000,1697301899999,41735.64297000,162,56279.30000000,23410.79291000,0
1697301900000,0.41580000,0.41690000,0.41580000,0.41670000,81979.00000000,1697302799999,34119.45423000,142,49447.10000000,20581.18740000,0
1697302800000,0.41660000,0.41680000,0.41630000,0.41640000,38352.00000000,1697303699999,15976.18082000,86,15602.90000000,6497.79393000,0
1697303700000,0.41640000,0.41760000,0.41640000,0.41720000,48303.50000000,1697304599999,20152.83006000,107,27586.50000000,11508.61265000,0
1697304600000,0.41730000,0.41770000,0.41700000,0.41760000,72425.40000000,1697305499999,30217.05985000,111,18915.80000000,7893.38704000,0
1697305500000,0.41750000,0.41760000,0.41710000,0.41710000,64772.80000000,1697306399999,27041.48919000,102,30879.10000000,12894.12668000,0
1697306400000,0.41710000,0.41730000,0.41640000,0.41670000,69898.10000000,1697307299999,29141.16953000,106,12980.80000000,5412.38973000,0
1697307300000,0.41670000,0.41690000,0.41640000,0.41660000,74027.30000000,1697308199999,30846.33924000,153,25150.20000000,10481.26327000,0
1697308200000,0.41660000,0.41770000,0.41620000,0.41740000,146292.80000000,1697309099999,60989.23920000,438,63346.60000000,26413.64151000,0
1697309100000,0.41740000,0.41780000,0.41650000,0.41720000,271686.60000000,1697309999999,113321.88532000,286,118491.00000000,49418.78642000,0
1697310000000,0.41730000,0.41750000,0.41700000,0.41700000,59180.20000000,1697310899999,24690.00644000,121,20029.00000000,8356.32075000,0
1697310900000,0.41700000,0.41780000,0.41700000,0.41770000,83720.00000000,1697311799999,34945.28307000,132,29715.90000000,12405.38963000,0
1697311800000,0.41780000,0.41820000,0.41740000,0.41750000,147610.20000000,1697312699999,61687.21381000,169,80546.70000000,33666.79006000,0
1697312700000,0.41740000,0.41780000,0.41700000,0.41760000,37908.60000000,1697313599999,15824.79684000,85,24578.30000000,10260.26225000,0
1697313600000,0.41750000,0.41780000,0.41710000,0.41760000,63563.50000000,1697314499999,26532.84488000,109,30888.60000000,12891.06148000,0
1697314500000,0.41760000,0.41830000,0.41690000,0.41720000,135011.40000000,1697315399999,56383.88053000,156,53302.80000000,22267.57424000,0
1697315400000,0.41730000,0.41820000,0.41720000,0.41800000,94070.60000000,1697316299999,39293.01422000,124,51757.90000000,21623.22395000,0
1697316300000,0.41800000,0.41890000,0.41800000,0.41840000,136171.10000000,1697317199999,56991.14152000,239,58106.70000000,24313.89047000,0
1697317200000,0.41840000,0.41940000,0.41840000,0.41880000,178538.90000000,1697318099999,74791.30998000,211,120346.20000000,50413.68613000,0
1697318100000,0.41890000,0.41930000,0.41760000,0.41760000,61155.40000000,1697318999999,25583.61662000,91,12215.30000000,5109.41379000,0
1697319000000,0.41760000,0.41810000,0.41710000,0.41730000,303301.50000000,1697319899999,126660.41396000,198,169958.00000000,70988.29392000,0
1697319900000,0.41730000,0.41760000,0.41710000,0.41720000,54338.70000000,1697320799999,22678.84462000,80,27486.10000000,11474.87558000,0
1697320800000,0.41720000,0.41740000,0.41680000,0.41720000,82910.20000000,1697321699999,34581.19016000,129,41309.60000000,17228.93248000,0
1697321700000,0.41720000,0.41720000,0.41590000,0.41610000,107433.10000000,1697322599999,44748.81668000,174,35506.90000000,14788.57020000,0
1697322600000,0.41610000,0.41630000,0.41540000,0.41570000,99541.80000000,1697323499999,41400.16696000,120,48001.20000000,19967.05812000,0
1697323500000,0.41580000,0.41690000,0.41580000,0.41650000,93020.90000000,1697324399999,38738.08519000,94,63257.00000000,26339.52209000,0
1697324400000,0.41660000,0.41690000,0.41650000,0.41680000,75588.20000000,1697325299999,31503.40349000,112,37935.30000000,15808.89313000,0
1697325300000,0.41680000,0.41730000,0.41660000,0.41660000,21870.40000000,1697326199999,9121.10991000,51,14456.20000000,6029.59017000,0
1697326200000,0.41660000,0.41680000,0.41560000,0.41590000,172109.00000000,1697327099999,71599.17803000,140,57272.50000000,23826.46029000,0
1697327100000,0.41570000,0.41650000,0.41550000,0.41550000,124057.00000000,1697327999999,51579.53676000,193,85515.10000000,35556.37081000,0
1697328000000,0.41550000,0.41600000,0.41530000,0.41530000,163631.60000000,1697328899999,67997.77802000,198,60122.00000000,24989.34405000,0
1697328900000,0.41530000,0.41580000,0.41450000,0.41470000,152993.10000000,1697329799999,63513.43287000,168,74626.10000000,30992.50376000,0
1697329800000,0.41450000,0.41450000,0.41230000,0.41310000,306274.20000000,1697330699999,126535.03244000,535,151302.70000000,62507.37538000,0
1697330700000,0.41310000,0.41320000,0.41120000,0.41150000,349041.80000000,1697331599999,143760.26269000,536,216922.40000000,89320.08936000,0
1697331600000,0.41150000,0.41230000,0.41150000,0.41210000,424052.60000000,1697332499999,174709.89414000,727,253289.10000000,104353.11968000,0
1697332500000,0.41200000,0.41260000,0.41150000,0.41230000,361654.40000000,1697333399999,149058.16447000,533,197800.00000000,81532.85956000,0
1697333400000,0.41230000,0.41360000,0.40800000,0.41050000,1799176.90000000,1697334299999,739909.85188000,2350,836434.10000000,343902.39515000,0
1697334300000,0.41050000,0.41110000,0.41020000,0.41050000,399481.60000000,1697335199999,164052.21434000,582,255137.20000000,104778.90470000,0
1697335200000,0.41060000,0.41100000,0.40950000,0.41040000,496471.10000000,1697336099999,203754.48310000,579,296790.60000000,121820.06943000,0
1697336100000,0.41030000,0.41040000,0.40940000,0.40990000,147731.30000000,1697336999999,60583.43540000,197,96916.70000000,39745.74865000,0
1697337000000,0.40990000,0.41070000,0.40930000,0.41040000,326271.40000000,1697337899999,133821.19680000,369,214422.20000000,87966.04753000,0
1697337900000,0.41030000,0.41050000,0.40980000,0.41030000,291435.90000000,1697338799999,119562.73840000,343,138481.30000000,56811.84074000,0
1697338800000,0.41040000,0.41050000,0.41000000,0.41010000,269812.00000000,1697339699999,110684.89218000,326,117824.90000000,48334.55793000,0
1697339700000,0.41010000,0.41080000,0.41000000,0.41050000,488108.90000000,1697340599999,200356.78306000,724,255584.60000000,104916.66899000,0
1697340600000,0.41050000,0.41080000,0.40970000,0.40980000,227342.80000000,1697341499999,93317.27498000,511,86045.20000000,35325.34314000,0
1697341500000,0.40980000,0.40980000,0.40840000,0.40910000,260518.60000000,1697342399999,106592.58803000,321,123019.20000000,50318.73342000,0
1697342400000,0.40910000,0.40930000,0.40630000,0.40700000,717909.00000000,1697343299999,292361.35392000,875,317946.70000000,129427.32900000,0
1697343300000,0.40700000,0.40890000,0.40660000,0.40780000,736353.70000000,1697344199999,300066.74799000,877,450181.50000000,183452.58127000,0
1697344200000,0.40770000,0.40860000,0.40660000,0.40710000,353992.40000000,1697345099999,144253.80796000,506,193742.70000000,78969.14263000,0
1697345100000,0.40700000,0.40800000,0.40690000,0.40770000,223573.20000000,1697345999999,91137.82680000,343,129048.00000000,52601.37674000,0
1697346000000,0.40770000,0.40790000,0.40700000,0.40730000,309330.20000000,1697346899999,126061.98142000,348,191941.10000000,78225.73867000,0
1697346900000,0.40740000,0.40800000,0.40740000,0.40790000,249003.70000000,1697347799999,101551.46895000,443,92296.50000000,37642.60936000,0
1697347800000,0.40780000,0.40800000,0.40750000,0.40750000,244248.70000000,1697348699999,99613.41943000,435,69870.30000000,28497.60646000,0
1697348700000,0.40750000,0.40830000,0.40730000,0.40830000,180004.50000000,1697349599999,73411.33050000,173,109835.20000000,44810.51608000,0
1697349600000,0.40820000,0.40840000,0.40750000,0.40760000,102880.00000000,1697350499999,41961.80449000,217,34567.40000000,14100.01646000,0
1697350500000,0.40770000,0.40810000,0.40690000,0.40760000,366992.90000000,1697351399999,149548.58196000,414,192368.40000000,78398.95114000,0
1697351400000,0.40760000,0.40830000,0.40750000,0.40800000,326047.90000000,1697352299999,133031.10017000,683,125646.70000000,51267.45988000,0
1697352300000,0.40800000,0.40830000,0.40790000,0.40800000,334572.10000000,1697353199999,136528.94640000,681,118257.50000000,48262.85653000,0
1697353200000,0.40800000,0.40900000,0.40760000,0.40840000,288174.00000000,1697354099999,117664.73502000,448,149229.20000000,60951.40467000,0
1697354100000,0.40840000,0.40860000,0.40810000,0.40860000,90457.80000000,1697354999999,36936.15287000,139,58057.00000000,23706.59181000,0
1697355000000,0.40850000,0.40860000,0.40760000,0.40770000,68427.40000000,1697355899999,27931.11025000,125,16937.60000000,6912.74320000,0
1697355900000,0.40770000,0.40830000,0.40750000,0.40800000,132350.40000000,1697356799999,53966.41097000,187,63682.50000000,25968.43261000,0
1697356800000,0.40800000,0.40870000,0.40790000,0.40860000,129537.20000000,1697357699999,52899.33481000,224,88769.80000000,36248.76695000,0
1697357700000,0.40850000,0.40940000,0.40850000,0.40940000,115472.20000000,1697358599999,47228.03917000,217,70445.60000000,28814.89269000,0
1697358600000,0.40940000,0.41030000,0.40940000,0.41000000,205260.50000000,1697359499999,84145.09377000,266,148485.00000000,60874.05369000,0
1697359500000,0.41010000,0.41090000,0.40960000,0.41070000,154114.00000000,1697360399999,63263.43048000,237,101552.60000000,41689.16233000,0
1697360400000,0.41070000,0.41150000,0.41050000,0.41110000,168400.40000000,1697361299999,69204.42366000,213,103822.20000000,42656.72256000,0
1697361300000,0.41110000,0.41120000,0.40990000,0.41010000,65898.40000000,1697362199999,27040.56046000,128,17781.10000000,7297.65885000,0
1697362200000,0.41000000,0.41060000,0.41000000,0.41000000,103552.10000000,1697363099999,42488.32977000,156,47736.20000000,19585.13476000,0
1697363100000,0.41000000,0.41090000,0.40980000,0.41090000,100474.70000000,1697363999999,41204.04190000,104,57950.60000000,23768.47504000,0
1697364000000,0.41080000,0.41090000,0.40980000,0.41020000,73144.60000000,1697364899999,30000.99785000,135,25755.60000000,10563.19900000,0
1697364900000,0.41010000,0.41020000,0.40930000,0.40960000,99268.90000000,1697365799999,40684.70512000,125,31879.40000000,13061.71951000,0
1697365800000,0.40960000,0.40960000,0.40880000,0.40900000,99516.30000000,1697366699999,40724.94739000,149,39227.40000000,16055.05314000,0
1697366700000,0.40900000,0.40920000,0.40840000,0.40850000,137010.40000000,1697367599999,56017.82497000,164,60464.20000000,24729.68973000,0
1697367600000,0.40840000,0.40840000,0.40760000,0.40770000,137648.10000000,1697368499999,56142.98674000,204,70542.20000000,28771.45398000,0
1697368500000,0.40780000,0.40890000,0.40750000,0.40860000,121752.30000000,1697369399999,49717.19975000,140,96694.30000000,39487.82240000,0
1697369400000,0.40850000,0.40920000,0.40850000,0.40920000,86185.80000000,1697370299999,35246.41160000,117,30709.90000000,12558.95112000,0
1697370300000,0.40920000,0.40930000,0.40820000,0.40840000,119352.70000000,1697371199999,48755.66316000,97,12557.60000000,5130.56106000,0
1697371200000,0.40840000,0.40860000,0.40770000,0.40840000,97510.50000000,1697372099999,39796.18452000,164,38188.00000000,15582.46494000,0
1697372100000,0.40830000,0.40960000,0.40820000,0.40940000,158040.70000000,1697372999999,64655.29032000,213,89532.40000000,36633.47293000,0
1697373000000,0.40930000,0.40960000,0.40900000,0.40910000,40254.10000000,1697373899999,16473.82274000,102,9085.10000000,3718.72151000,0
1697373900000,0.40910000,0.40930000,0.40820000,0.40820000,89068.00000000,1697374799999,36405.04013000,116,41873.90000000,17111.34337000,0
1697374800000,0.40810000,0.40890000,0.40740000,0.40860000,427518.60000000,1697375699999,174478.72106000,455,181713.60000000,74132.92338000,0
1697375700000,0.40860000,0.40970000,0.40840000,0.40920000,479982.50000000,1697376599999,196300.11211000,374,250936.50000000,102633.68284000,0
1697376600000,0.40910000,0.40970000,0.40850000,0.40850000,297995.10000000,1697377499999,121931.28061000,336,161216.40000000,65967.03670000,0
1697377500000,0.40860000,0.40860000,0.40510000,0.40690000,676853.10000000,1697378399999,275438.23636000,850,221997.60000000,90320.43687000,0
1697378400000,0.40680000,0.40790000,0.40630000,0.40770000,141815.60000000,1697379299999,57743.23828000,223,75402.20000000,30698.44861000,0
1697379300000,0.40770000,0.40850000,0.40740000,0.40850000,229311.80000000,1697380199999,93540.28620000,177,137697.60000000,56167.30351000,0
1697380200000,0.40850000,0.40870000,0.40760000,0.40820000,109810.90000000,1697381099999,44812.17422000,148,38286.40000000,15625.33322000,0
1697381100000,0.40830000,0.40840000,0.40780000,0.40800000,44058.80000000,1697381999999,17976.59137000,108,15835.10000000,6461.27661000,0
1697382000000,0.40800000,0.40830000,0.40730000,0.40810000,108484.10000000,1697382899999,44250.19011000,160,45659.60000000,18628.61377000,0
1697382900000,0.40810000,0.40910000,0.40810000,0.40870000,89761.00000000,1697383799999,36683.97293000,128,42102.50000000,17201.43088000,0
1697383800000,0.40880000,0.40890000,0.40810000,0.40870000,68938.90000000,1697384699999,28159.93869000,128,44189.80000000,18050.48047000,0
1697384700000,0.40870000,0.40870000,0.40780000,0.40820000,126447.10000000,1697385599999,51612.76565000,186,60942.60000000,24878.91765000,0
1697385600000,0.40830000,0.40860000,0.40700000,0.40760000,109832.80000000,1697386499999,44793.22286000,178,44974.20000000,18341.35325000,0
1697386500000,0.40750000,0.40860000,0.40720000,0.40860000,124949.50000000,1697387399999,50946.93762000,175,56888.10000000,23200.83610000,0
1697387400000,0.40850000,0.40920000,0.40840000,0.40910000,88826.50000000,1697388299999,36316.45296000,152,46738.20000000,19105.40829000,0
1697388300000,0.40910000,0.40980000,0.40860000,0.40960000,157532.60000000,1697389199999,64454.09160000,167,109289.80000000,44720.83179000,0
1697389200000,0.40960000,0.41000000,0.40910000,0.40920000,84243.00000000,1697390099999,34499.71504000,143,37277.30000000,15264.58113000,0
1697390100000,0.40920000,0.41010000,0.40910000,0.40960000,123423.70000000,1697390999999,50578.44738000,166,95433.40000000,39107.14993000,0
1697391000000,0.40960000,0.41000000,0.40900000,0.40940000,127948.90000000,1697391899999,52401.59491000,159,76473.80000000,31317.82039000,0
1697391900000,0.40930000,0.40970000,0.40760000,0.40860000,1109117.90000000,1697392799999,453084.03694000,570,255016.30000000,104165.98189000,0
1697392800000,0.40860000,0.40870000,0.40790000,0.40820000,345635.90000000,1697393699999,141148.69137000,368,251126.50000000,102563.90475000,0
1697393700000,0.40820000,0.40830000,0.40770000,0.40830000,204404.10000000,1697394599999,83387.97593000,172,92962.70000000,37923.11660000,0
1697394600000,0.40820000,0.40990000,0.40810000,0.40980000,112104.80000000,1697395499999,45881.24336000,191,58146.40000000,23798.15127000,0
1697395500000,0.40980000,0.41000000,0.40940000,0.41000000,136265.90000000,1697396399999,55827.92188000,152,96152.00000000,39397.77120000,0
1697396400000,0.41000000,0.41050000,0.40970000,0.40980000,139816.50000000,1697397299999,57327.67621000,244,49766.10000000,20403.07530000,0
1697397300000,0.40980000,0.41030000,0.40940000,0.41000000,187228.40000000,1697398199999,76728.75616000,195,111438.90000000,45672.35218000,0
1697398200000,0.41000000,0.41030000,0.40930000,0.40940000,80766.20000000,1697399099999,33113.68431000,117,26512.30000000,10868.30787000,0
1697399100000,0.40940000,0.41010000,0.40930000,0.41010000,72164.10000000,1697399999999,29560.51155000,113,48518.70000000,19877.62020000,0
1697400000000,0.41000000,0.41030000,0.40990000,0.40990000,59085.30000000,1697400899999,24229.38656000,107,26297.00000000,10784.33454000,0
1697400900000,0.41000000,0.41000000,0.40950000,0.41000000,67529.60000000,1697401799999,27665.27995000,91,16361.70000000,6705.27028000,0
1697401800000,0.41000000,0.41300000,0.41000000,0.41230000,585788.00000000,1697402699999,241047.87122000,959,346054.30000000,142327.68036000,0
1697402700000,0.41230000,0.41280000,0.41190000,0.41270000,171272.10000000,1697403599999,70640.39833000,291,94441.00000000,38957.46809000,0
1697403600000,0.41280000,0.41300000,0.41010000,0.41010000,348474.10000000,1697404499999,143520.21805000,362,100295.40000000,41266.82089000,0
1697404500000,0.41020000,0.41190000,0.41010000,0.41140000,68939.20000000,1697405399999,28352.06694000,115,49675.50000000,20428.16106000,0
1697405400000,0.41140000,0.41160000,0.40990000,0.41030000,93870.90000000,1697406299999,38546.73009000,111,50394.30000000,20691.13021000,0
1697406300000,0.41030000,0.41070000,0.41030000,0.41070000,36985.70000000,1697407199999,15188.92017000,54,21705.30000000,8913.87563000,0
1697407200000,0.41080000,0.41230000,0.41080000,0.41180000,200212.90000000,1697408099999,82444.84319000,270,77697.30000000,31994.40634000,0
1697408100000,0.41200000,0.41200000,0.41050000,0.41100000,212980.00000000,1697408999999,87502.44991000,218,60035.40000000,24668.19671000,0
1697409000000,0.41090000,0.41120000,0.41010000,0.41030000,118843.10000000,1697409899999,48776.38028000,133,82870.20000000,34008.29424000,0
1697409900000,0.41030000,0.41040000,0.40850000,0.40930000,262213.90000000,1697410799999,107355.38544000,320,107131.60000000,43846.82264000,0
1697410800000,0.40920000,0.40930000,0.40870000,0.40930000,177259.90000000,1697411699999,72513.60496000,195,108131.00000000,44233.09397000,0
1697411700000,0.40930000,0.40990000,0.40910000,0.40970000,52363.20000000,1697412599999,21440.58070000,95,35965.40000000,14724.80235000,0
1697412600000,0.40960000,0.41030000,0.40920000,0.40990000,50148.90000000,1697413499999,20548.63204000,81,28726.40000000,11772.75229000,0
1697413500000,0.40980000,0.41050000,0.40980000,0.41050000,134899.80000000,1697414399999,55322.77339000,104,58040.90000000,23810.12535000,0
1697414400000,0.41050000,0.41300000,0.40990000,0.41150000,350562.00000000,1697415299999,144180.90199000,338,139039.20000000,57180.52917000,0
1697415300000,0.41150000,0.41250000,0.41070000,0.41240000,101702.90000000,1697416199999,41831.77021000,121,59687.90000000,24551.69389000,0
1697416200000,0.41240000,0.41300000,0.41200000,0.41230000,112418.20000000,1697417099999,46370.96763000,142,36838.20000000,15192.40993000,0
1697417100000,0.41230000,0.41380000,0.41230000,0.41350000,415955.40000000,1697417999999,171913.96181000,332,285925.80000000,118174.15397000,0
1697418000000,0.41370000,0.41410000,0.41300000,0.41320000,289021.50000000,1697418899999,119561.37990000,280,126461.60000000,52321.71765000,0
1697418900000,0.41320000,0.41480000,0.41300000,0.41440000,534954.90000000,1697419799999,221560.05241000,428,314332.70000000,130187.38896000,0
1697419800000,0.41450000,0.41530000,0.41410000,0.41460000,235144.10000000,1697420699999,97553.00248000,268,139444.30000000,57861.91450000,0
1697420700000,0.41460000,0.41540000,0.41450000,0.41490000,144302.10000000,1697421599999,59874.64005000,134,93358.50000000,38734.99577000,0
1697421600000,0.41490000,0.41550000,0.41410000,0.41520000,134242.20000000,1697422499999,55696.49821000,165,51577.90000000,21399.04498000,0
1697422500000,0.41520000,0.41770000,0.41510000,0.41770000,396497.60000000,1697423399999,165207.15144000,468,178054.00000000,74186.50793000,0
1697423400000,0.41770000,0.41880000,0.41620000,0.41640000,309868.70000000,1697424299999,129423.92905000,353,107862.20000000,45059.53121000,0
1697424300000,0.41650000,0.41660000,0.41560000,0.41570000,157469.10000000,1697425199999,65527.17187000,179,80653.30000000,33558.51884000,0
1697425200000,0.41570000,0.41600000,0.41470000,0.41470000,147689.80000000,1697426099999,61300.65857000,170,33894.70000000,14070.54531000,0
1697426100000,0.41470000,0.41470000,0.41380000,0.41420000,186295.30000000,1697426999999,77183.40004000,231,97739.80000000,40497.31095000,0
1697427000000,0.41430000,0.41430000,0.41380000,0.41430000,218948.90000000,1697427899999,90648.31156000,214,105931.90000000,43858.88322000,0
1697427900000,0.41430000,0.41430000,0.41300000,0.41340000,83159.00000000,1697428799999,34368.92873000,109,50918.70000000,21042.05280000,0
1697428800000,0.41340000,0.41360000,0.41190000,0.41210000,126392.70000000,1697429699999,52117.32504000,148,20918.90000000,8630.52438000,0
1697429700000,0.41210000,0.41230000,0.41170000,0.41220000,175864.30000000,1697430599999,72447.98604000,178,59308.80000000,24437.29506000,0
1697430600000,0.41220000,0.41230000,0.41170000,0.41230000,136838.90000000,1697431499999,56365.65912000,133,66990.00000000,27595.66891000,0
1697431500000,0.41230000,0.41280000,0.41210000,0.41210000,219399.00000000,1697432399999,90503.25031000,189,75786.50000000,31260.27333000,0
1697432400000,0.41220000,0.41440000,0.41220000,0.41400000,191939.10000000,1697433299999,79337.07859000,221,168441.40000000,69628.25870000,0
1697433300000,0.41410000,0.41980000,0.41400000,0.41860000,2332845.30000000,1697434199999,974531.21351000,2914,1149384.80000000,479836.83233000,0
1697434200000,0.41860000,0.42050000,0.41780000,0.41820000,684168.90000000,1697435099999,286674.67383000,732,417551.90000000,174981.36060000,0
1697435100000,0.41810000,0.41910000,0.41700000,0.41900000,601327.80000000,1697435999999,251369.84040000,552,273706.60000000,114441.20799000,0
1697436000000,0.41920000,0.42040000,0.41820000,0.41960000,711794.90000000,1697436899999,298341.29879000,504,300426.60000000,125963.03600000,0
1697436900000,0.41950000,0.41970000,0.41750000,0.41770000,214625.40000000,1697437799999,89809.11597000,261,117867.80000000,49320.89275000,0
1697437800000,0.41760000,0.42090000,0.41760000,0.42070000,497577.40000000,1697438699999,208726.24294000,575,322892.50000000,135436.38228000,0
1697438700000,0.42060000,0.42260000,0.42000000,0.42220000,438306.00000000,1697439599999,184592.27564000,586,176566.50000000,74374.06396000,0
1697439600000,0.42220000,0.42250000,0.42010000,0.42010000,435896.70000000,1697440499999,183584.70413000,494,119982.50000000,50543.31319000,0
1697440500000,0.42010000,0.42030000,0.41860000,0.42000000,349058.30000000,1697441399999,146341.34629000,391,180618.00000000,75728.97102000,0
1697441400000,0.42000000,0.42020000,0.41830000,0.41840000,83962.00000000,1697442299999,35163.78118000,141,46002.60000000,19267.01108000,0
1697442300000,0.41850000,0.41860000,0.41720000,0.41750000,168218.80000000,1697443199999,70259.17189000,253,79563.30000000,33224.50052000,0
1697443200000,0.41780000,0.42040000,0.41780000,0.41840000,537706.00000000,1697444099999,225605.89989000,417,339977.20000000,142638.27245000,0
1697444100000,0.41830000,0.41880000,0.41780000,0.41860000,299830.90000000,1697444999999,125419.59789000,245,190696.20000000,79789.51650000,0
1697445000000,0.41860000,0.41930000,0.41830000,0.41870000,119835.40000000,1697445899999,50174.46418000,159,37826.30000000,15839.40509000,0
1697445900000,0.41860000,0.41860000,0.41780000,0.41810000,147282.30000000,1697446799999,61591.72246000,163,80252.10000000,33555.27664000,0
1697446800000,0.41810000,0.41820000,0.41520000,0.41560000,400523.60000000,1697447699999,166772.97064000,549,134035.10000000,55786.01754000,0
1697447700000,0.41570000,0.41670000,0.41540000,0.41650000,191258.60000000,1697448599999,79569.47362000,266,117691.90000000,48963.84806000,0
1697448600000,0.41670000,0.41800000,0.41650000,0.41730000,137263.00000000,1697449499999,57288.08295000,189,74049.60000000,30903.91730000,0
1697449500000,0.41720000,0.41790000,0.41710000,0.41740000,214906.40000000,1697450399999,89709.79348000,213,102957.90000000,42977.36930000,0
1697450400000,0.41760000,0.41810000,0.41730000,0.41740000,157236.50000000,1697451299999,65689.72488000,172,91406.40000000,38192.19981000,0
1697451300000,0.41730000,0.41730000,0.41560000,0.41610000,290467.10000000,1697452199999,120896.38734000,240,108941.50000000,45324.88550000,0
1697452200000,0.41610000,0.41700000,0.41560000,0.41700000,216144.80000000,1697453099999,89968.91751000,235,75305.10000000,31357.18989000,0
1697453100000,0.41700000,0.41700000,0.41580000,0.41600000,250031.10000000,1697453999999,104085.60574000,227,59266.50000000,24675.09309000,0
1697454000000,0.41610000,0.41660000,0.41590000,0.41650000,85685.90000000,1697454899999,35666.43735000,147,27987.60000000,11650.03777000,0
1697454900000,0.41640000,0.41660000,0.41580000,0.41580000,160019.60000000,1697455799999,66614.61181000,157,72795.30000000,30305.56690000,0
1697455800000,0.41580000,0.41580000,0.41420000,0.41490000,1054874.70000000,1697456699999,437528.93213000,573,197218.50000000,81827.45368000,0
1697456700000,0.41490000,0.41510000,0.41430000,0.41490000,133811.40000000,1697457599999,55475.54953000,180,73954.60000000,30660.56365000,0
1697457600000,0.41490000,0.41520000,0.41390000,0.41460000,128724.50000000,1697458499999,53338.46183000,188,61843.10000000,25626.08662000,0
1697458500000,0.41460000,0.41610000,0.41460000,0.41520000,250566.10000000,1697459399999,103989.82390000,217,116330.40000000,48281.33669000,0
1697459400000,0.41520000,0.41550000,0.41450000,0.41470000,329687.70000000,1697460299999,136815.02217000,359,125381.10000000,52031.69380000,0
1697460300000,0.41470000,0.41550000,0.41430000,0.41550000,228550.90000000,1697461199999,94825.20261000,228,109362.50000000,45376.50430000,0
1697461200000,0.41550000,0.41640000,0.41480000,0.41640000,438479.30000000,1697462099999,182334.95613000,368,298233.30000000,124022.88680000,0
1697462100000,0.41630000,0.42590000,0.41570000,0.42560000,3259710.80000000,1697462999999,1373324.97805000,5404,1741047.00000000,733636.93647000,0
1697463000000,0.42570000,0.43000000,0.41230000,0.41460000,5117347.90000000,1697463899999,2160016.30178000,7219,2420374.70000000,1021654.31231000,0
1697463900000,0.41480000,0.41680000,0.40410000,0.40910000,3460886.80000000,1697464799999,1416352.07227000,4768,1813863.80000000,742971.39890000,0
1697464800000,0.40920000,0.41090000,0.40750000,0.40940000,690809.30000000,1697465699999,282897.31648000,1046,370899.80000000,151889.13956000,0
1697465700000,0.40950000,0.41270000,0.40940000,0.41250000,369989.10000000,1697466599999,152224.36744000,474,211874.90000000,87163.29609000,0
1697466600000,0.41280000,0.41350000,0.40840000,0.41100000,3726505.30000000,1697467499999,1528990.68622000,2455,2115179.80000000,867388.45598000,0
1697467500000,0.41110000,0.41120000,0.40990000,0.41030000,290526.20000000,1697468399999,119206.44967000,448,150582.90000000,61793.41107000,0
1697468400000,0.41040000,0.41040000,0.40900000,0.40970000,292314.00000000,1697469299999,119789.77352000,312,172409.60000000,70640.36511000,0
1697469300000,0.40980000,0.40980000,0.40820000,0.40940000,373611.60000000,1697470199999,152794.25322000,423,180751.70000000,73927.22082000,0
1697470200000,0.40940000,0.40990000,0.40650000,0.40720000,547828.90000000,1697471099999,223405.65804000,765,244970.20000000,99886.84977000,0
1697471100000,0.40710000,0.40800000,0.40650000,0.40740000,316716.00000000,1697471999999,129080.36052000,385,222495.90000000,90682.35270000,0
1697472000000,0.40740000,0.40800000,0.40680000,0.40720000,437287.90000000,1697472899999,178158.34452000,444,217295.30000000,88544.30394000,0
1697472900000,0.40730000,0.40830000,0.40710000,0.40780000,192371.90000000,1697473799999,78438.23097000,230,142946.90000000,58289.34663000,0
1697473800000,0.40780000,0.40800000,0.40700000,0.40720000,309339.20000000,1697474699999,125998.65474000,324,111696.20000000,45493.93373000,0
1697474700000,0.40730000,0.40800000,0.40710000,0.40800000,136750.30000000,1697475599999,55740.91528000,207,81237.20000000,33119.84017000,0
1697475600000,0.40800000,0.40870000,0.40720000,0.40840000,339570.20000000,1697476499999,138540.59714000,360,168280.60000000,68673.70159000,0
1697476500000,0.40830000,0.40840000,0.40730000,0.40750000,327934.30000000,1697477399999,133809.02737000,225,200377.00000000,81761.50307000,0
1697477400000,0.40740000,0.40770000,0.40690000,0.40770000,167015.20000000,1697478299999,68017.86513000,185,97830.40000000,39851.41940000,0
1697478300000,0.40770000,0.40800000,0.40730000,0.40790000,158451.00000000,1697479199999,64603.05126000,172,104892.50000000,42769.32361000,0
1697479200000,0.40820000,0.40900000,0.40810000,0.40890000,179864.30000000,1697480099999,73484.39024000,231,132297.50000000,54052.53562000,0
1697480100000,0.40880000,0.40930000,0.40810000,0.40820000,266915.50000000,1697480999999,109126.92887000,249,160962.10000000,65821.00675000,0
1697481000000,0.40830000,0.40890000,0.40800000,0.40880000,269293.80000000,1697481899999,110010.39208000,186,222170.00000000,90760.07131000,0
1697481900000,0.40880000,0.41010000,0.40880000,0.40990000,186267.80000000,1697482799999,76266.34896000,185,123003.60000000,50362.95250000,0
1697482800000,0.40990000,0.41150000,0.40960000,0.41110000,469603.00000000,1697483699999,192815.99542000,539,225894.90000000,92771.57366000,0
1697483700000,0.41120000,0.41140000,0.41020000,0.41090000,135538.80000000,1697484599999,55675.75781000,223,50453.20000000,20722.15938000,0
1697484600000,0.41090000,0.41110000,0.40970000,0.41010000,198624.00000000,1697485499999,81462.23778000,262,123694.10000000,50721.69272000,0
1697485500000,0.41010000,0.41060000,0.40970000,0.41020000,183488.10000000,1697486399999,75291.93862000,166,126268.60000000,51816.40093000,0
1697486400000,0.41030000,0.41130000,0.41010000,0.41130000,140522.00000000,1697487299999,57687.67804000,143,98319.50000000,40366.38831000,0
1697487300000,0.41130000,0.41180000,0.41100000,0.41150000,292450.50000000,1697488199999,120357.24941000,276,175287.40000000,72140.92046000,0
1697488200000,0.41140000,0.41150000,0.41090000,0.41090000,148083.70000000,1697489099999,60924.45384000,124,55574.80000000,22862.54959000,0
1697489100000,0.41100000,0.41120000,0.41010000,0.41040000,106116.40000000,1697489999999,43564.90187000,175,56040.20000000,23007.30089000,0
1697490000000,0.41050000,0.41050000,0.40880000,0.40970000,569233.80000000,1697490899999,233286.11367000,503,261064.60000000,106974.52722000,0
1697490900000,0.40970000,0.41030000,0.40940000,0.41010000,126138.90000000,1697491799999,51680.19714000,158,50692.40000000,20770.96150000,0
1697491800000,0.41020000,0.41100000,0.41020000,0.41070000,82959.80000000,1697492699999,34067.98824000,114,32270.60000000,13247.07094000,0
1697492700000,0.41070000,0.41130000,0.41050000,0.41130000,75528.80000000,1697493599999,31027.49813000,63,42412.00000000,17427.70587000,0
1697493600000,0.41130000,0.41180000,0.41050000,0.41120000,382440.80000000,1697494499999,157244.34418000,350,94113.00000000,38702.68386000,0
1697494500000,0.41120000,0.41200000,0.41100000,0.41140000,131640.60000000,1697495399999,54183.78382000,181,91278.00000000,37571.04562000,0
1697495400000,0.41160000,0.41250000,0.41140000,0.41250000,107955.50000000,1697496299999,44480.07455000,194,67530.70000000,27827.14402000,0
1697496300000,0.41240000,0.41300000,0.41180000,0.41230000,508688.00000000,1697497199999,209675.26990000,441,162274.80000000,66896.23189000,0
1697497200000,0.41240000,0.41290000,0.41210000,0.41270000,272256.40000000,1697498099999,112324.92208000,299,201306.30000000,83052.02078000,0
1697498100000,0.41270000,0.41270000,0.41110000,0.41140000,260372.30000000,1697498999999,107169.91951000,234,67893.20000000,27933.24546000,0
1697499000000,0.41160000,0.41190000,0.41100000,0.41190000,213593.40000000,1697499899999,87896.87033000,213,165752.30000000,68213.68111000,0
1697499900000,0.41180000,0.41200000,0.41030000,0.41030000,417776.20000000,1697500799999,171702.43872000,343,134242.30000000,55162.31999000,0
1697500800000,0.41060000,0.41130000,0.41010000,0.41030000,183081.00000000,1697501699999,75154.82458000,215,113334.00000000,46521.78338000,0
1697501700000,0.41020000,0.41140000,0.40840000,0.40950000,1967663.50000000,1697502599999,805802.01896000,1214,609257.00000000,249621.96535000,0
1697502600000,0.40960000,0.41120000,0.40920000,0.40990000,108339.40000000,1697503499999,44431.13273000,186,51918.00000000,21290.20151000,0
1697503500000,0.40980000,0.41000000,0.40850000,0.40900000,153863.60000000,1697504399999,62925.20152000,303,89602.20000000,36645.40400000,0
1697504400000,0.40890000,0.41180000,0.40880000,0.41120000,246142.00000000,1697505299999,101115.40657000,290,130939.80000000,53799.07417000,0
1697505300000,0.41130000,0.41170000,0.41050000,0.41170000,427007.60000000,1697506199999,175507.46135000,452,162863.40000000,66957.21784000,0
1697506200000,0.41170000,0.41170000,0.41030000,0.41070000,96174.80000000,1697507099999,39526.02696000,151,44078.30000000,18110.90625000,0
1697507100000,0.41070000,0.41120000,0.40960000,0.40990000,94520.30000000,1697507999999,38785.18456000,146,41838.90000000,17169.25397000,0
1697508000000,0.40990000,0.41060000,0.40920000,0.40940000,133647.20000000,1697508899999,54756.97422000,175,62510.10000000,25615.41082000,0
1697508900000,0.40930000,0.40960000,0.40840000,0.40950000,240177.90000000,1697509799999,98252.86009000,305,100994.40000000,41318.53355000,0
1697509800000,0.40940000,0.41060000,0.40930000,0.41010000,159797.20000000,1697510699999,65513.78711000,202,112680.20000000,46193.06549000,0
1697510700000,0.41020000,0.41060000,0.41010000,0.41020000,94325.40000000,1697511599999,38699.80690000,142,35708.50000000,14650.21176000,0
1697511600000,0.41020000,0.41070000,0.40950000,0.40970000,285375.10000000,1697512499999,117042.45810000,296,179451.40000000,73601.70937000,0
1697512500000,0.40980000,0.40980000,0.40890000,0.40900000,128941.90000000,1697513399999,52771.42718000,198,46656.40000000,19097.74331000,0
1697513400000,0.40880000,0.40940000,0.40860000,0.40940000,153622.40000000,1697514299999,62819.94965000,150,51930.80000000,21237.74985000,0
1697514300000,0.40950000,0.40950000,0.40840000,0.40880000,45603.50000000,1697515199999,18652.58801000,74,5627.50000000,2300.88932000,0
1697515200000,0.40880000,0.41000000,0.40730000,0.41000000,419656.40000000,1697516099999,171436.06942000,678,214697.90000000,87716.02593000,0
1697516100000,0.41000000,0.41130000,0.40980000,0.41120000,231147.60000000,1697516999999,94989.59246000,247,176850.50000000,72677.53453000,0
1697517000000,0.41120000,0.41140000,0.41010000,0.41040000,124097.50000000,1697517899999,50999.92962000,173,84481.20000000,34721.89151000,0
1697517900000,0.41050000,0.41080000,0.41010000,0.41020000,62058.50000000,1697518799999,25468.37998000,95,22403.30000000,9195.72485000,0
1697518800000,0.41020000,0.41080000,0.40930000,0.40950000,46172.20000000,1697519699999,18946.06215000,108,19219.60000000,7886.14482000,0
1697519700000,0.40950000,0.40980000,0.40880000,0.40910000,140232.00000000,1697520599999,57374.13779000,159,42707.50000000,17475.00346000,0
1697520600000,0.40930000,0.40930000,0.40850000,0.40900000,60478.60000000,1697521499999,24721.28378000,117,15923.90000000,6508.88322000,0
1697521500000,0.40900000,0.40950000,0.40860000,0.40930000,67734.20000000,1697522399999,27699.78162000,100,21893.40000000,8956.47275000,0
1697522400000,0.40940000,0.40940000,0.40740000,0.40740000,177442.90000000,1697523299999,72396.15677000,244,55686.90000000,22722.67190000,0
1697523300000,0.40760000,0.40790000,0.40070000,0.40100000,2209406.00000000,1697524199999,893002.97429000,3042,939212.70000000,379453.33632000,0
1697524200000,0.40100000,0.40270000,0.39830000,0.40210000,1603725.70000000,1697525099999,642399.30438000,2590,814207.90000000,326197.43176000,0
1697525100000,0.40210000,0.40240000,0.40010000,0.40120000,785111.30000000,1697525999999,315041.91818000,730,405886.90000000,162918.60405000,0
1697526000000,0.40110000,0.40110000,0.39940000,0.40020000,837607.10000000,1697526899999,335249.37882000,788,288986.30000000,115664.20649000,0
1697526900000,0.40020000,0.40050000,0.39720000,0.39790000,1115967.60000000,1697527799999,444613.53338000,1281,489483.90000000,194962.98449000,0
1697527800000,0.39800000,0.39800000,0.39370000,0.39770000,1370823.20000000,1697528699999,542847.05695000,1736,802519.50000000,317807.57751000,0
1697528700000,0.39780000,0.39920000,0.39710000,0.39820000,510699.20000000,1697529599999,203344.52624000,593,256454.40000000,102106.68857000,0
1697529600000,0.39830000,0.39960000,0.39760000,0.39900000,390393.70000000,1697530499999,155629.56228000,480,186616.80000000,74389.90416000,0
1697530500000,0.39910000,0.39910000,0.39750000,0.39750000,258220.40000000,1697531399999,102820.56857000,343,156072.20000000,62145.73630000,0
1697531400000,0.39750000,0.39800000,0.39560000,0.39760000,761578.80000000,1697532299999,302090.90896000,806,357599.90000000,141861.85507000,0
1697532300000,0.39760000,0.39860000,0.39740000,0.39820000,411515.70000000,1697533199999,163800.23514000,457,241986.70000000,96325.02520000,0
1697533200000,0.39820000,0.39930000,0.39770000,0.39840000,402195.40000000,1697534099999,160297.13478000,366,183754.70000000,73233.80003000,0
1697534100000,0.39860000,0.39900000,0.39760000,0.39840000,227662.70000000,1697534999999,90704.84175000,352,136756.70000000,54492.94709000,0
1697535000000,0.39840000,0.39940000,0.39820000,0.39920000,293313.60000000,1697535899999,117027.42228000,437,173574.50000000,69242.54363000,0
1697535900000,0.39900000,0.39950000,0.39750000,0.39920000,1407227.20000000,1697536799999,560785.09958000,881,575592.70000000,229331.06232000,0
1697536800000,0.39930000,0.39960000,0.39840000,0.39950000,238810.30000000,1697537699999,95325.89400000,271,145872.70000000,58227.21465000,0
1697537700000,0.39950000,0.39970000,0.39710000,0.39750000,623431.70000000,1697538599999,248365.11630000,563,275920.20000000,109929.39592000,0
1697538600000,0.39750000,0.39810000,0.39680000,0.39770000,216295.00000000,1697539499999,85939.78226000,354,118968.30000000,47268.92400000,0
1697539500000,0.39760000,0.39760000,0.39500000,0.39620000,935390.50000000,1697540399999,370500.44134000,793,456847.60000000,180934.81104000,0
1697540400000,0.39620000,0.39680000,0.39550000,0.39670000,456430.90000000,1697541299999,180759.22261000,499,279664.60000000,110747.36186000,0
1697541300000,0.39670000,0.39720000,0.39580000,0.39720000,326777.50000000,1697542199999,129485.12639000,336,245895.00000000,97429.20433000,0
1697542200000,0.39710000,0.39750000,0.39680000,0.39720000,247651.50000000,1697543099999,98358.18195000,286,60061.40000000,23853.56001000,0
1697543100000,0.39710000,0.39800000,0.39680000,0.39690000,409226.60000000,1697543999999,162696.21574000,333,213616.20000000,84918.85641000,0
1697544000000,0.39690000,0.39700000,0.39570000,0.39600000,466930.30000000,1697544899999,185086.94320000,441,256250.10000000,101586.63286000,0
1697544900000,0.39590000,0.39720000,0.39500000,0.39520000,665470.20000000,1697545799999,263553.72299000,893,285639.40000000,113133.84117000,0
1697545800000,0.39530000,0.39530000,0.39390000,0.39420000,864229.50000000,1697546699999,340937.42695000,1037,505573.60000000,199445.87029000,0
1697546700000,0.39420000,0.39420000,0.38630000,0.39100000,2828349.00000000,1697547599999,1106238.66756000,3625,1440315.00000000,563233.09385000,0
1697547600000,0.39110000,0.39170000,0.38870000,0.39110000,1397760.00000000,1697548499999,545386.18835000,1997,725371.80000000,283048.05090000,0
1697548500000,0.39120000,0.39120000,0.38000000,0.38360000,3558442.70000000,1697549399999,1368053.04256000,4600,1608890.30000000,618753.83489000,0
1697549400000,0.38370000,0.38410000,0.38130000,0.38130000,2243545.20000000,1697550299999,858345.90114000,2219,1249333.70000000,478092.88754000,0
1697550300000,0.38130000,0.38130000,0.36880000,0.37840000,6396016.40000000,1697551199999,2403393.91714000,8162,3274158.60000000,1230806.16602000,0
1697551200000,0.37840000,0.38030000,0.37770000,0.37940000,1093362.90000000,1697552099999,414510.96575000,1350,611513.20000000,231864.84590000,0
1697552100000,0.37940000,0.37980000,0.37800000,0.37970000,765079.40000000,1697552999999,289984.40744000,1097,423519.00000000,160524.87795000,0
1697553000000,0.37970000,0.38360000,0.37900000,0.38110000,1153886.10000000,1697553899999,440098.61482000,1274,804249.80000000,306751.83880000,0
1697553900000,0.38120000,0.38180000,0.38040000,0.38110000,638502.80000000,1697554799999,243460.85850000,710,359218.20000000,136950.88333000,0
1697554800000,0.38110000,0.38270000,0.37990000,0.38260000,443314.50000000,1697555699999,169055.40604000,608,266275.70000000,101576.93242000,0
1697555700000,0.38250000,0.38350000,0.38180000,0.38310000,385855.50000000,1697556599999,147750.62748000,540,209375.90000000,80158.49832000,0
1697556600000,0.38310000,0.38360000,0.38260000,0.38320000,229134.90000000,1697557499999,87810.31900000,379,136948.20000000,52483.39981000,0
1697557500000,0.38310000,0.38340000,0.38190000,0.38240000,303739.00000000,1697558399999,116203.15112000,358,154483.50000000,59107.08159000,0
1697558400000,0.38250000,0.38310000,0.38130000,0.38290000,255845.00000000,1697559299999,97788.29628000,356,169260.70000000,64683.34793000,0
1697559300000,0.38290000,0.38350000,0.38260000,0.38310000,300293.00000000,1697560199999,115028.33392000,344,168059.10000000,64361.34520000,0
1697560200000,0.38310000,0.38350000,0.38270000,0.38280000,203487.40000000,1697561099999,77961.43818000,417,93230.60000000,35722.80205000,0
1697561100000,0.38270000,0.38270000,0.38090000,0.38130000,755283.40000000,1697561999999,288323.46608000,1051,260569.00000000,99487.68190000,0
1697562000000,0.38130000,0.38130000,0.38030000,0.38050000,317452.60000000,1697562899999,120857.21524000,403,122703.40000000,46730.27726000,0
1697562900000,0.38040000,0.38060000,0.37920000,0.38030000,380439.50000000,1697563799999,144545.25535000,516,178659.60000000,67878.44650000,0
1697563800000,0.38030000,0.38040000,0.37870000,0.37940000,247597.10000000,1697564699999,93975.06147000,397,119640.20000000,45421.90486000,0
1697564700000,0.37950000,0.38020000,0.37700000,0.37980000,541923.00000000,1697565599999,205053.78888000,778,253717.90000000,96015.30803000,0
1697565600000,0.37980000,0.38040000,0.37930000,0.37960000,192830.40000000,1697566499999,73241.21155000,337,81391.20000000,30909.54915000,0
1697566500000,0.37960000,0.38040000,0.37960000,0.37980000,92993.50000000,1697567399999,35333.49151000,198,70699.90000000,26862.63212000,0
1697567400000,0.37980000,0.38070000,0.37950000,0.38040000,317091.00000000,1697568299999,120516.21140000,336,201791.30000000,76700.81323000,0
1697568300000,0.38030000,0.38030000,0.37610000,0.37780000,810926.70000000,1697569199999,306350.47706000,1038,354198.00000000,133764.96701000,0
1697569200000,0.37770000,0.37840000,0.37670000,0.37770000,342599.50000000,1697570099999,129339.38077000,516,177460.00000000,67007.54038000,0
1697570100000,0.37780000,0.37820000,0.37670000,0.37720000,176024.90000000,1697570999999,66439.68904000,357,90904.10000000,34315.88211000,0
1697571000000,0.37730000,0.37910000,0.37690000,0.37880000,356704.80000000,1697571899999,134846.01821000,444,253485.80000000,95816.75395000,0
1697571900000,0.37890000,0.37920000,0.37850000,0.37910000,122404.70000000,1697572799999,46372.90943000,214,84356.30000000,31960.37354000,0
1697572800000,0.37920000,0.37940000,0.37860000,0.37920000,270330.10000000,1697573699999,102463.53767000,398,137023.90000000,51938.16855000,0
1697573700000,0.37920000,0.38030000,0.37860000,0.38010000,196728.50000000,1697574599999,74689.63403000,366,124785.20000000,47386.76681000,0
1697574600000,0.38000000,0.38030000,0.37930000,0.38030000,149351.60000000,1697575499999,56722.82409000,253,82538.60000000,31353.61315000,0
1697575500000,0.38030000,0.38050000,0.37980000,0.37990000,180099.00000000,1697576399999,68458.18544000,250,61019.10000000,23195.33454000,0
1697576400000,0.37990000,0.38130000,0.37940000,0.38110000,143230.90000000,1697577299999,54495.01777000,234,99633.20000000,37917.74706000,0
1697577300000,0.38120000,0.38170000,0.38100000,0.38130000,116546.90000000,1697578199999,44444.96489000,245,70555.40000000,26905.79969000,0
1697578200000,0.38130000,0.38170000,0.38100000,0.38150000,224584.60000000,1697579099999,85654.24272000,326,158690.00000000,60527.58996000,0
1697579100000,0.38140000,0.38180000,0.38090000,0.38110000,116457.10000000,1697579999999,44422.62633000,173,85077.00000000,32456.07873000,0
1697580000000,0.38110000,0.38160000,0.38080000,0.38160000,144733.30000000,1697580899999,55159.26388000,219,93017.90000000,35454.63149000,0
1697580900000,0.38140000,0.38180000,0.38100000,0.38110000,69625.50000000,1697581799999,26555.63551000,116,37617.40000000,14349.14962000,0
1697581800000,0.38110000,0.38160000,0.38010000,0.38070000,139213.50000000,1697582699999,52998.82387000,160,90070.00000000,34288.40479000,0
1697582700000,0.38060000,0.38060000,0.37980000,0.38020000,115797.60000000,1697583599999,44011.70930000,152,46670.20000000,17735.88604000,0
1697583600000,0.38020000,0.38110000,0.37970000,0.38110000,124797.50000000,1697584499999,47489.28635000,174,49781.20000000,18946.58199000,0
1697584500000,0.38110000,0.38150000,0.38030000,0.38120000,232089.80000000,1697585399999,88365.44840000,255,111265.50000000,42385.83579000,0
1697585400000,0.38120000,0.38170000,0.38100000,0.38160000,110762.50000000,1697586299999,42240.25248000,161,87208.10000000,33259.29209000,0
1697586300000,0.38160000,0.38170000,0.38050000,0.38060000,163888.70000000,1697587199999,62411.00746000,214,30777.70000000,11726.77396000,0
1697587200000,0.38070000,0.38290000,0.37950000,0.37970000,774599.90000000,1697588099999,295288.46685000,1208,409404.50000000,156083.90888000,0
1697588100000,0.37960000,0.38180000,0.37960000,0.38130000,406997.60000000,1697588999999,154963.18850000,548,150359.80000000,57245.58231000,0
1697589000000,0.38140000,0.38140000,0.37780000,0.37850000,463801.60000000,1697589899999,175765.01539000,712,187963.00000000,71230.92007000,0
1697589900000,0.37840000,0.37940000,0.37810000,0.37840000,195347.00000000,1697590799999,73953.75605000,310,92961.20000000,35181.16804000,0
1697590800000,0.37830000,0.37840000,0.37630000,0.37800000,311762.20000000,1697591699999,117648.97710000,440,161738.10000000,61017.45908000,0
1697591700000,0.37810000,0.37880000,0.37400000,0.37450000,623431.80000000,1697592599999,234084.51918000,790,229576.80000000,86226.18495000,0
1697592600000,0.37450000,0.37610000,0.37370000,0.37400000,339393.70000000,1697593499999,127202.24385000,460,167195.90000000,62643.50360000,0
1697593500000,0.37400000,0.37430000,0.37210000,0.37240000,328181.80000000,1697594399999,122507.93439000,460,158647.20000000,59227.10073000,0
1697594400000,0.37240000,0.37320000,0.36850000,0.36860000,1012934.30000000,1697595299999,375695.38415000,1308,420802.40000000,156105.51124000,0
1697595300000,0.36850000,0.37080000,0.36420000,0.37030000,1839685.30000000,1697596199999,675348.88810000,2288,960975.10000000,352637.22949000,0
1697596200000,0.37030000,0.37060000,0.36750000,0.36830000,597699.20000000,1697597099999,220423.00549000,762,240589.60000000,88729.59222000,0
1697597100000,0.36840000,0.37010000,0.36780000,0.36950000,1313644.50000000,1697597999999,484652.05215000,775,482354.50000000,177935.25861000,0
1697598000000,0.36950000,0.37000000,0.36880000,0.36940000,160691.30000000,1697598899999,59337.63264000,264,79927.10000000,29514.09433000,0
1697598900000,0.36930000,0.37090000,0.36930000,0.37010000,274193.90000000,1697599799999,101509.07516000,326,112086.50000000,41470.74561000,0
1697599800000,0.37020000,0.37080000,0.36940000,0.37050000,195107.10000000,1697600699999,72180.10570000,238,105322.70000000,38952.63328000,0
1697600700000,0.37050000,0.37140000,0.36980000,0.37110000,184552.30000000,1697601599999,68447.51592000,281,117210.20000000,43474.51412000,0
1697601600000,0.37110000,0.37160000,0.36990000,0.37110000,334120.40000000,1697602499999,123821.32519000,420,199988.10000000,74127.71456000,0
1697602500000,0.37120000,0.37280000,0.37110000,0.37260000,268800.00000000,1697603399999,100009.07848000,366,137914.70000000,51322.70883000,0
1697603400000,0.37270000,0.37540000,0.37230000,0.37470000,387603.00000000,1697604299999,144833.36506000,468,241004.90000000,90046.91449000,0
1697604300000,0.37480000,0.37910000,0.37400000,0.37620000,1078914.10000000,1697605199999,406026.27965000,1486,561674.60000000,211391.98801000,0
1697605200000,0.37650000,0.37710000,0.37390000,0.37410000,551882.60000000,1697606099999,207117.12141000,668,257124.10000000,96507.27593000,0
1697606100000,0.37400000,0.37580000,0.37370000,0.37510000,537407.80000000,1697606999999,201291.95372000,558,334803.00000000,125450.02111000,0
1697607000000,0.37510000,0.37540000,0.37460000,0.37470000,379182.40000000,1697607899999,142190.99107000,440,162125.40000000,60800.48424000,0
1697607900000,0.37480000,0.37550000,0.37390000,0.37550000,354066.00000000,1697608799999,132654.21302000,365,201742.40000000,75603.63385000,0
1697608800000,0.37550000,0.37650000,0.37490000,0.37610000,280583.60000000,1697609699999,105420.27692000,322,143652.60000000,53986.69545000,0
1697609700000,0.37620000,0.37680000,0.37560000,0.37610000,316035.60000000,1697610599999,118881.62299000,348,173955.00000000,65434.18824000,0
1697610600000,0.37610000,0.37650000,0.37540000,0.37600000,174025.30000000,1697611499999,65433.62360000,195,105132.60000000,39539.67105000,0
1697611500000,0.37610000,0.37660000,0.37570000,0.37630000,117863.30000000,1697612399999,44347.77746000,193,54604.00000000,20539.94280000,0
1697612400000,0.37630000,0.37630000,0.37400000,0.37470000,499316.20000000,1697613299999,187086.08732000,491,218051.30000000,81713.00895000,0
1697613300000,0.37480000,0.37490000,0.37410000,0.37430000,196658.30000000,1697614199999,73649.25739000,273,72399.20000000,27119.86033000,0
1697614200000,0.37440000,0.37470000,0.37340000,0.37390000,204299.50000000,1697615099999,76415.17662000,270,123626.00000000,46241.42940000,0
1697615100000,0.37390000,0.37400000,0.37290000,0.37310000,250423.10000000,1697615999999,93510.77842000,278,62468.10000000,23325.48894000,0
1697616000000,0.37310000,0.37370000,0.37240000,0.37240000,319039.70000000,1697616899999,119040.64915000,372,154211.70000000,57551.70076000,0
1697616900000,0.37230000,0.37410000,0.37210000,0.37390000,172711.40000000,1697617799999,64360.18263000,277,103419.30000000,38545.41895000,0
1697617800000,0.37390000,0.37420000,0.37330000,0.37350000,113979.90000000,1697618699999,42609.24021000,189,59854.80000000,22379.17939000,0
1697618700000,0.37350000,0.37480000,0.37280000,0.37400000,189262.70000000,1697619599999,70782.21792000,236,75626.50000000,28267.39091000,0
1697619600000,0.37410000,0.37480000,0.37400000,0.37480000,141113.70000000,1697620499999,52829.80216000,237,80212.10000000,30033.07228000,0
1697620500000,0.37470000,0.37640000,0.37460000,0.37630000,354094.30000000,1697621399999,133026.63024000,421,212016.40000000,79679.29179000,0
1697621400000,0.37640000,0.37680000,0.37630000,0.37660000,284456.50000000,1697622299999,107094.67465000,353,106823.20000000,40221.81135000,0
1697622300000,0.37660000,0.37740000,0.37460000,0.37490000,441667.00000000,1697623199999,166239.21737000,571,179282.70000000,67516.86741000,0
1697623200000,0.37470000,0.37780000,0.37470000,0.37780000,584408.40000000,1697624099999,219956.78870000,726,344116.70000000,129522.93721000,0
1697624100000,0.37770000,0.37770000,0.37610000,0.37650000,203478.30000000,1697624999999,76734.08496000,273,75716.20000000,28551.25852000,0
1697625000000,0.37650000,0.37870000,0.37620000,0.37840000,308681.60000000,1697625899999,116620.32263000,331,155233.20000000,58667.19346000,0
1697625900000,0.37850000,0.37860000,0.37770000,0.37840000,86472.10000000,1697626799999,32698.22607000,131,57860.50000000,21877.13548000,0
1697626800000,0.37840000,0.37840000,0.37640000,0.37640000,187216.40000000,1697627699999,70585.50464000,298,85050.10000000,32061.05906000,0
1697627700000,0.37640000,0.37800000,0.37640000,0.37690000,170037.90000000,1697628599999,64112.56851000,253,97636.30000000,36806.62919000,0
1697628600000,0.37700000,0.37770000,0.37600000,0.37610000,172860.30000000,1697629499999,65128.88257000,236,78745.70000000,29673.74454000,0
1697629500000,0.37610000,0.37640000,0.37530000,0.37540000,225601.00000000,1697630399999,84785.48205000,248,42774.20000000,16083.83822000,0
1697630400000,0.37550000,0.37610000,0.37490000,0.37500000,212574.30000000,1697631299999,79798.75599000,173,55899.20000000,20986.76940000,0
1697631300000,0.37500000,0.37640000,0.37500000,0.37630000,249286.00000000,1697632199999,93642.53676000,218,207715.70000000,78027.53657000,0
1697632200000,0.37630000,0.37670000,0.37550000,0.37570000,251332.20000000,1697633099999,94484.09060000,199,71429.00000000,26839.43119000,0
1697633100000,0.37560000,0.37590000,0.37500000,0.37580000,339657.70000000,1697633999999,127487.04292000,344,171040.70000000,64189.13771000,0
1697634000000,0.37570000,0.37640000,0.37560000,0.37600000,151549.10000000,1697634899999,56993.85642000,242,64108.00000000,24109.19360000,0
1697634900000,0.37590000,0.37700000,0.37520000,0.37530000,300858.20000000,1697635799999,113072.22947000,298,126588.20000000,47577.11059000,0
1697635800000,0.37530000,0.37530000,0.37290000,0.37320000,490607.80000000,1697636699999,183622.15729000,450,125723.20000000,47019.25934000,0
1697636700000,0.37320000,0.37370000,0.37190000,0.37300000,258182.30000000,1697637599999,96239.90269000,391,110320.90000000,41144.11279000,0
1697637600000,0.37280000,0.37300000,0.37170000,0.37230000,309951.50000000,1697638499999,115470.08844000,502,181978.40000000,67798.34693000,0
1697638500000,0.37220000,0.37400000,0.37200000,0.37240000,300663.30000000,1697639399999,111994.14374000,390,128186.90000000,47760.30158000,0
1697639400000,0.37240000,0.37250000,0.36970000,0.37180000,698220.50000000,1697640299999,259080.87637000,793,298428.10000000,110703.40783000,0
1697640300000,0.37180000,0.37260000,0.37180000,0.37240000,123792.40000000,1697641199999,46068.53847000,227,61042.30000000,22715.93114000,0
1697641200000,0.37240000,0.37440000,0.37240000,0.37440000,166721.30000000,1697642099999,62219.86970000,219,95629.10000000,35685.23995000,0
1697642100000,0.37440000,0.37480000,0.37360000,0.37440000,125815.60000000,1697642999999,47100.76291000,208,65367.70000000,24473.67741000,0
1697643000000,0.37440000,0.37510000,0.37410000,0.37460000,95991.50000000,1697643899999,35949.72117000,178,40108.90000000,15022.30066000,0
1697643900000,0.37450000,0.37470000,0.37350000,0.37370000,181754.60000000,1697644799999,68035.38333000,278,104169.50000000,38992.86871000,0
1697644800000,0.37360000,0.37590000,0.37350000,0.37540000,296647.90000000,1697645699999,111262.96249000,412,186733.30000000,70033.26336000,0
1697645700000,0.37540000,0.37580000,0.37340000,0.37360000,179869.70000000,1697646599999,67356.39185000,262,76503.60000000,28657.48151000,0
1697646600000,0.37370000,0.37870000,0.37340000,0.37820000,1313776.60000000,1697647499999,494534.77631000,1203,765370.90000000,288128.95114000,0
1697647500000,0.37810000,0.38100000,0.37800000,0.38010000,1171887.40000000,1697648399999,445115.76504000,1236,818199.90000000,310784.60906000,0
1697648400000,0.38020000,0.38210000,0.37900000,0.38200000,824724.70000000,1697649299999,314236.45825000,802,431926.90000000,164552.12499000,0
1697649300000,0.38200000,0.38300000,0.38140000,0.38240000,519105.70000000,1697650199999,198458.77350000,573,247974.60000000,94818.05767000,0
1697650200000,0.38240000,0.38690000,0.38220000,0.38590000,1169195.90000000,1697651099999,449802.25463000,1581,817631.00000000,314585.96918000,0
1697651100000,0.38600000,0.38930000,0.38470000,0.38860000,1478778.90000000,1697651999999,572630.87186000,1779,819348.60000000,317380.55687000,0
1697652000000,0.38860000,0.39020000,0.38620000,0.38990000,760780.60000000,1697652899999,295419.98736000,1094,420328.20000000,163210.09990000,0
1697652900000,0.38990000,0.39010000,0.38370000,0.38430000,742906.30000000,1697653799999,287283.86876000,1032,307754.20000000,118958.63630000,0
1697653800000,0.38430000,0.38550000,0.38270000,0.38430000,472549.40000000,1697654699999,181480.79285000,632,245499.80000000,94289.84378000,0
1697654700000,0.38440000,0.38580000,0.38440000,0.38520000,618080.70000000,1697655599999,238052.80144000,594,312417.60000000,120311.84777000,0
1697655600000,0.38520000,0.38610000,0.38270000,0.38390000,505093.50000000,1697656499999,193981.02228000,623,194103.70000000,74519.73423000,0
1697656500000,0.38400000,0.38550000,0.38250000,0.38260000,382404.50000000,1697657399999,146807.36884000,453,174987.50000000,67219.64936000,0
1697657400000,0.38260000,0.38260000,0.38000000,0.38220000,513346.60000000,1697658299999,195688.23336000,770,190654.10000000,72674.98514000,0
1697658300000,0.38220000,0.38470000,0.38150000,0.38380000,391024.80000000,1697659199999,149887.41364000,421,225919.40000000,86666.80284000,0
1697659200000,0.38380000,0.38510000,0.38330000,0.38370000,306019.10000000,1697660099999,117539.54819000,390,104069.20000000,39981.61840000,0
1697660100000,0.38370000,0.38500000,0.38330000,0.38340000,174857.70000000,1697660999999,67210.26233000,234,77187.10000000,29674.11523000,0
1697661000000,0.38330000,0.38340000,0.38030000,0.38080000,433842.00000000,1697661899999,165586.94169000,446,227768.70000000,86956.99886000,0
1697661900000,0.38080000,0.38080000,0.37910000,0.38030000,333845.70000000,1697662799999,126736.30588000,431,133207.70000000,50572.03343000,0
1697662800000,0.38030000,0.38180000,0.38030000,0.38110000,197270.00000000,1697663699999,75159.61879000,314,115113.60000000,43855.13369000,0
1697663700000,0.38120000,0.38140000,0.37990000,0.38020000,128458.70000000,1697664599999,48911.03082000,195,72402.10000000,27557.33684000,0
1697664600000,0.38020000,0.38110000,0.38010000,0.38110000,207057.10000000,1697665499999,78811.65760000,278,109373.50000000,41630.54736000,0
1697665500000,0.38110000,0.38180000,0.38090000,0.38090000,104932.00000000,1697666399999,40022.95728000,169,29654.30000000,11313.91500000,0
1697666400000,0.38080000,0.38150000,0.38050000,0.38050000,155685.70000000,1697667299999,59307.23830000,246,81076.30000000,30880.76681000,0
1697667300000,0.38050000,0.38190000,0.38030000,0.38120000,211681.10000000,1697668199999,80685.18311000,277,124169.10000000,47330.79274000,0
1697668200000,0.38120000,0.38200000,0.38060000,0.38190000,276101.30000000,1697669099999,105267.87809000,297,138255.90000000,52708.22600000,0
1697669100000,0.38180000,0.38300000,0.38180000,0.38290000,199462.70000000,1697669999999,76281.67145000,281,121525.40000000,46466.98975000,0
1697670000000,0.38310000,0.38380000,0.38250000,0.38300000,241731.90000000,1697670899999,92636.55535000,378,120794.80000000,46292.90595000,0
1697670900000,0.38300000,0.38310000,0.38100000,0.38150000,264847.20000000,1697671799999,101130.78026000,291,122298.60000000,46691.60758000,0
1697671800000,0.38150000,0.38320000,0.38140000,0.38300000,676284.80000000,1697672699999,258666.11956000,379,540666.60000000,206767.67876000,0
1697672700000,0.38320000,0.38330000,0.38250000,0.38260000,202470.10000000,1697673599999,77515.92409000,190,109789.40000000,42033.27480000,0
1697673600000,0.38250000,0.38290000,0.38100000,0.38130000,325181.30000000,1697674499999,124154.80110000,306,150824.60000000,57577.93913000,0
1697674500000,0.38110000,0.38150000,0.37820000,0.38010000,321460.30000000,1697675399999,122082.69105000,453,132986.10000000,50509.58590000,0
1697675400000,0.38030000,0.38080000,0.37850000,0.37860000,200992.20000000,1697676299999,76345.48327000,229,78445.70000000,29794.94585000,0
1697676300000,0.37860000,0.38050000,0.37830000,0.37980000,246326.20000000,1697677199999,93480.92712000,252,111404.10000000,42295.95544000,0
1697677200000,0.37990000,0.38140000,0.37980000,0.38090000,512994.40000000,1697678099999,195406.59850000,486,285766.60000000,108815.50259000,0
1697678100000,0.38090000,0.38140000,0.38010000,0.38010000,107898.00000000,1697678999999,41101.87436000,166,47227.40000000,17988.74521000,0
1697679000000,0.37990000,0.37990000,0.36720000,0.37130000,2226088.70000000,1697679899999,830395.59249000,2927,1077391.00000000,401634.77591000,0
1697679900000,0.37140000,0.37310000,0.37070000,0.37230000,675569.70000000,1697680799999,251302.55856000,1000,327595.70000000,121869.49409000,0
1697680800000,0.37240000,0.37300000,0.37120000,0.37120000,542387.20000000,1697681699999,201813.75557000,494,288568.90000000,107376.53107000,0
1697681700000,0.37130000,0.37130000,0.36960000,0.37010000,353637.50000000,1697682599999,130940.88562000,417,164762.70000000,61001.76704000,0
1697682600000,0.37010000,0.37080000,0.36890000,0.36930000,367345.60000000,1697683499999,135820.44273000,329,137094.80000000,50691.82851000,0
1697683500000,0.36940000,0.37710000,0.36920000,0.37350000,1780766.80000000,1697684399999,662337.66353000,1469,1141192.10000000,424134.48213000,0
1697684400000,0.37330000,0.37770000,0.37280000,0.37680000,2380217.00000000,1697685299999,894140.13185000,2131,852575.70000000,320255.98490000,0
1697685300000,0.37690000,0.37850000,0.37690000,0.37840000,215005.90000000,1697686199999,81204.28596000,353,125282.20000000,47319.39428000,0
1697686200000,0.37850000,0.37960000,0.37840000,0.37880000,212721.00000000,1697687099999,80598.38763000,318,93276.30000000,35346.32928000,0
1697687100000,0.37880000,0.37880000,0.37690000,0.37700000,202559.50000000,1697687999999,76532.15718000,247,95877.90000000,36202.08780000,0
1697688000000,0.37730000,0.37870000,0.37640000,0.37640000,159351.70000000,1697688899999,60167.17035000,272,69657.30000000,26307.81842000,0
1697688900000,0.37640000,0.37660000,0.37520000,0.37520000,215255.50000000,1697689799999,80945.98569000,305,80108.60000000,30126.97879000,0
1697689800000,0.37530000,0.37600000,0.37400000,0.37520000,227505.30000000,1697690699999,85259.30345000,327,75481.90000000,28301.21994000,0
1697690700000,0.37520000,0.37610000,0.37470000,0.37550000,160641.10000000,1697691599999,60293.98179000,194,76716.90000000,28794.23506000,0
1697691600000,0.37550000,0.37770000,0.37530000,0.37750000,101720.60000000,1697692499999,38310.05986000,201,51536.10000000,19409.29474000,0
1697692500000,0.37740000,0.37810000,0.37670000,0.37790000,162545.50000000,1697693399999,61323.82285000,227,79184.20000000,29876.91508000,0
1697693400000,0.37770000,0.37810000,0.37680000,0.37810000,75814.80000000,1697694299999,28624.62692000,134,39783.50000000,15021.16900000,0
1697694300000,0.37810000,0.37870000,0.37760000,0.37800000,114265.90000000,1697695199999,43200.05644000,183,58745.20000000,22206.62409000,0
1697695200000,0.37800000,0.37930000,0.37740000,0.37860000,283058.30000000,1697696099999,107093.47687000,355,149128.40000000,56430.60336000,0
1697696100000,0.37860000,0.37930000,0.37730000,0.37760000,114499.00000000,1697696999999,43320.14006000,216,40930.60000000,15486.24699000,0
1697697000000,0.37750000,0.37940000,0.37730000,0.37930000,99441.60000000,1697697899999,37642.41637000,279,45730.20000000,17307.02745000,0
1697697900000,0.37940000,0.37940000,0.37720000,0.37800000,156767.00000000,1697698799999,59267.15301000,267,64652.40000000,24434.26057000,0
1697698800000,0.37810000,0.37870000,0.37540000,0.37550000,234478.20000000,1697699699999,88354.23397000,402,77902.60000000,29353.41918000,0
1697699700000,0.37550000,0.37620000,0.37540000,0.37560000,141423.30000000,1697700599999,53156.09062000,182,62632.00000000,23536.40884000,0
1697700600000,0.37570000,0.37590000,0.37440000,0.37490000,165407.10000000,1697701499999,62058.29600000,247,89225.50000000,33473.05633000,0
1697701500000,0.37490000,0.37500000,0.37400000,0.37400000,113253.40000000,1697702399999,42423.34903000,173,59389.00000000,22247.95646000,0
1697702400000,0.37400000,0.37460000,0.37290000,0.37400000,244870.60000000,1697703299999,91521.04237000,323,93719.40000000,35040.78374000,0
1697703300000,0.37410000,0.37440000,0.37320000,0.37420000,130017.80000000,1697704199999,48612.52341000,188,61674.20000000,23059.57340000,0
1697704200000,0.37430000,0.37430000,0.36840000,0.36920000,3688740.70000000,1697705099999,1368061.40375000,2173,1805963.90000000,669303.10554000,0
1697705100000,0.36910000,0.36970000,0.36820000,0.36860000,624016.80000000,1697705999999,230346.95971000,690,455094.20000000,168012.04374000,0
1697706000000,0.36870000,0.36900000,0.36630000,0.36850000,415601.90000000,1697706899999,152869.42403000,566,225385.10000000,82888.00001000,0
1697706900000,0.36850000,0.37030000,0.36850000,0.36990000,188590.60000000,1697707799999,69698.75652000,296,122376.50000000,45233.05968000,0
1697707800000,0.36990000,0.36990000,0.36660000,0.36700000,489951.20000000,1697708699999,180407.50401000,568,214330.60000000,78836.92037000,0
1697708700000,0.36700000,0.36710000,0.36520000,0.36610000,396514.10000000,1697709599999,145153.13477000,485,144989.90000000,53107.25316000,0
1697709600000,0.36610000,0.36890000,0.36510000,0.36840000,341182.50000000,1697710499999,125330.01592000,544,214731.80000000,78872.48860000,0
1697710500000,0.36840000,0.36840000,0.36330000,0.36530000,1558536.70000000,1697711399999,569086.94130000,1042,429215.70000000,156980.58474000,0
1697711400000,0.36530000,0.36550000,0.36200000,0.36380000,971665.10000000,1697712299999,353357.56746000,1174,432187.60000000,157287.77637000,0
1697712300000,0.36380000,0.36640000,0.36380000,0.36600000,382319.30000000,1697713199999,139589.41558000,458,288940.30000000,105509.65704000,0
1697713200000,0.36610000,0.36650000,0.36510000,0.36580000,237696.30000000,1697714099999,86922.61609000,313,122986.40000000,44978.49669000,0
1697714100000,0.36580000,0.36660000,0.36550000,0.36660000,195415.40000000,1697714999999,71523.15411000,238,70450.80000000,25787.23902000,0
1697715000000,0.36650000,0.36780000,0.36640000,0.36670000,139811.60000000,1697715899999,51322.74696000,230,76810.10000000,28200.20147000,0
1697715900000,0.36670000,0.36670000,0.36570000,0.36630000,147090.10000000,1697716799999,53860.47907000,195,79547.20000000,29123.61545000,0
1697716800000,0.36630000,0.36670000,0.36580000,0.36580000,432804.90000000,1697717699999,158522.35677000,369,257818.80000000,94440.91309000,0
1697717700000,0.36570000,0.36670000,0.36520000,0.36630000,418899.80000000,1697718599999,153308.38475000,446,291709.40000000,106778.00950000,0
1697718600000,0.36630000,0.36740000,0.36620000,0.36660000,155514.40000000,1697719499999,57027.97683000,247,99693.50000000,36548.99569000,0
1697719500000,0.36690000,0.36800000,0.36660000,0.36780000,212424.20000000,1697720399999,78068.24969000,247,77098.60000000,28348.50886000,0
1697720400000,0.36790000,0.36950000,0.36750000,0.36940000,305413.80000000,1697721299999,112566.00340000,473,185395.30000000,68377.31990000,0
1697721300000,0.36940000,0.37040000,0.36840000,0.36860000,211565.10000000,1697722199999,78199.03872000,286,97161.20000000,35926.47725000,0
1697722200000,0.36860000,0.36970000,0.36780000,0.36830000,266256.80000000,1697723099999,98069.00113000,271,107927.60000000,39760.82116000,0
1697723100000,0.36810000,0.36850000,0.36750000,0.36760000,229162.80000000,1697723999999,84292.43646000,196,84765.10000000,31182.15008000,0
1697724000000,0.36780000,0.36970000,0.36720000,0.36930000,165179.40000000,1697724899999,60892.14594000,207,137340.20000000,50624.23546000,0
1697724900000,0.36930000,0.36940000,0.36730000,0.36730000,521442.50000000,1697725799999,191898.87492000,346,371248.40000000,136629.75842000,0
1697725800000,0.36730000,0.36870000,0.36730000,0.36820000,114309.60000000,1697726699999,42097.63900000,156,79104.90000000,29133.95419000,0
1697726700000,0.36830000,0.37130000,0.36790000,0.37010000,616360.60000000,1697727599999,228019.46176000,615,252018.50000000,93241.69718000,0
1697727600000,0.37010000,0.37160000,0.37000000,0.37060000,602617.80000000,1697728499999,223336.32676000,534,219335.20000000,81346.76525000,0
1697728500000,0.37050000,0.37050000,0.36770000,0.36930000,470723.40000000,1697729399999,173733.80233000,546,175685.60000000,64881.89837000,0
1697729400000,0.36940000,0.37050000,0.36900000,0.36900000,266744.60000000,1697730299999,98597.93677000,235,158164.00000000,58465.39861000,0
1697730300000,0.36900000,0.36940000,0.36810000,0.36810000,157810.10000000,1697731199999,58177.94238000,204,55911.50000000,20605.52873000,0
1697731200000,0.36810000,0.36890000,0.36720000,0.36800000,378386.70000000,1697732099999,139202.93048000,355,162245.70000000,59726.51179000,0
1697732100000,0.36790000,0.37050000,0.36790000,0.36910000,564355.40000000,1697732999999,208582.52851000,602,338317.50000000,125034.30608000,0
1697733000000,0.36910000,0.36950000,0.36820000,0.36850000,199213.10000000,1697733899999,73444.39702000,251,87505.60000000,32264.39719000,0
1697733900000,0.36850000,0.36920000,0.36770000,0.36800000,292205.10000000,1697734799999,107713.31023000,269,182204.70000000,67178.74779000,0
1697734800000,0.36800000,0.36880000,0.36760000,0.36880000,166719.70000000,1697735699999,61387.77406000,162,101729.80000000,37464.33935000,0
1697735700000,0.36870000,0.36910000,0.36780000,0.36810000,154289.20000000,1697736599999,56862.92535000,155,49302.80000000,18170.68468000,0
1697736600000,0.36810000,0.36840000,0.36640000,0.36690000,207331.10000000,1697737499999,76110.59125000,230,122867.20000000,45100.45180000,0
1697737500000,0.36700000,0.36830000,0.36700000,0.36760000,272110.30000000,1697738399999,100050.76444000,254,63306.00000000,23270.13002000,0
1697738400000,0.36750000,0.36830000,0.36710000,0.36830000,109362.40000000,1697739299999,40205.51390000,159,59935.70000000,22031.61921000,0
1697739300000,0.36830000,0.36920000,0.36820000,0.36910000,106540.00000000,1697740199999,39284.34252000,132,65887.90000000,24297.50216000,0
1697740200000,0.36910000,0.36920000,0.36760000,0.36840000,209205.40000000,1697741099999,77047.78418000,230,112005.50000000,41253.11693000,0
1697741100000,0.36840000,0.36860000,0.36790000,0.36800000,115942.70000000,1697741999999,42701.45034000,159,18444.70000000,6792.28394000,0
1697742000000,0.36790000,0.36820000,0.36760000,0.36800000,99877.70000000,1697742899999,36746.44516000,162,69707.40000000,25645.70729000,0
1697742900000,0.36790000,0.36810000,0.36750000,0.36750000,82139.70000000,1697743799999,30207.61487000,164,33839.50000000,12445.31663000,0
1697743800000,0.36760000,0.36860000,0.36760000,0.36840000,62837.30000000,1697744699999,23139.34137000,114,21467.90000000,7905.15433000,0
1697744700000,0.36850000,0.36910000,0.36830000,0.36880000,40499.70000000,1697745599999,14932.84330000,88,16912.70000000,6235.76348000,0
1697745600000,0.36880000,0.36980000,0.36860000,0.36910000,49166.40000000,1697746499999,18150.70314000,132,18531.30000000,6841.44713000,0
1697746500000,0.36910000,0.36950000,0.36810000,0.36820000,90862.50000000,1697747399999,33486.78694000,126,38718.90000000,14274.99371000,0
1697747400000,0.36810000,0.37050000,0.36770000,0.36960000,283946.90000000,1697748299999,104850.00443000,340,126499.80000000,46759.33615000,0
1697748300000,0.36960000,0.37000000,0.36870000,0.36920000,514807.20000000,1697749199999,190253.83881000,420,331525.10000000,122531.29525000,0
1697749200000,0.36920000,0.36920000,0.36710000,0.36720000,298006.10000000,1697750099999,109773.87346000,316,111706.00000000,41157.94926000,0
1697750100000,0.36730000,0.36750000,0.36660000,0.36690000,151076.60000000,1697750999999,55467.68872000,205,88666.70000000,32555.87101000,0
1697751000000,0.36680000,0.36680000,0.36460000,0.36460000,448400.30000000,1697751899999,163994.87969000,557,158060.10000000,57853.91385000,0
1697751900000,0.36460000,0.36500000,0.36430000,0.36450000,179109.90000000,1697752799999,65307.63525000,344,97197.70000000,35445.71970000,0
1697752800000,0.36440000,0.36700000,0.36420000,0.36700000,380287.60000000,1697753699999,139056.32441000,347,285632.10000000,104432.44492000,0
1697753700000,0.36690000,0.36890000,0.36680000,0.36890000,226711.60000000,1697754599999,83483.04797000,212,120716.80000000,44470.48227000,0
1697754600000,0.36900000,0.36900000,0.36810000,0.36840000,50885.60000000,1697755499999,18747.13366000,106,28909.30000000,10648.52763000,0
1697755500000,0.36850000,0.36930000,0.36830000,0.36930000,147649.20000000,1697756399999,54462.38670000,180,65708.60000000,24238.76180000,0
1697756400000,0.36920000,0.37020000,0.36910000,0.36980000,223932.40000000,1697757299999,82770.63459000,251,88201.50000000,32598.62026000,0
1697757300000,0.36990000,0.37100000,0.36980000,0.37080000,236861.70000000,1697758199999,87734.20008000,241,146167.60000000,54165.32152000,0
1697758200000,0.37070000,0.37080000,0.37010000,0.37040000,207923.60000000,1697759099999,77006.58939000,181,97972.10000000,36283.73253000,0
1697759100000,0.37050000,0.37110000,0.37030000,0.37030000,112594.90000000,1697759999999,41726.10658000,113,77945.30000000,28883.02674000,0
1697760000000,0.37030000,0.37390000,0.37030000,0.37350000,730901.50000000,1697760899999,272250.76114000,980,386025.70000000,143822.03563000,0
1697760900000,0.37360000,0.37640000,0.37220000,0.37360000,973050.30000000,1697761799999,364233.28661000,1140,562716.40000000,210751.19487000,0
1697761800000,0.37370000,0.37460000,0.37070000,0.37110000,791287.80000000,1697762699999,294914.89103000,903,546217.00000000,203624.61039000,0
1697762700000,0.37120000,0.37120000,0.36820000,0.36950000,572359.00000000,1697763599999,211567.04413000,846,211058.80000000,78038.56254000,0
1697763600000,0.36950000,0.36980000,0.36430000,0.36550000,873168.30000000,1697764499999,320356.95904000,1214,350289.60000000,128469.05046000,0
1697764500000,0.36530000,0.36910000,0.36530000,0.36830000,689573.50000000,1697765399999,253356.11793000,734,479593.20000000,176213.19994000,0
1697765400000,0.36820000,0.36950000,0.36780000,0.36920000,131858.60000000,1697766299999,48636.33068000,175,69274.40000000,25552.60763000,0
1697766300000,0.36920000,0.37070000,0.36860000,0.37060000,149930.40000000,1697767199999,55405.86352000,212,78078.70000000,28852.93033000,0
1697767200000,0.37060000,0.37180000,0.36980000,0.37170000,175872.70000000,1697768099999,65212.72622000,279,77622.50000000,28782.39207000,0
1697768100000,0.37180000,0.37370000,0.37080000,0.37080000,592745.60000000,1697768999999,220741.25970000,790,236076.00000000,87957.41618000,0
1697769000000,0.37070000,0.37260000,0.37070000,0.37130000,328346.10000000,1697769899999,121997.99355000,335,114094.70000000,42422.72275000,0
1697769900000,0.37140000,0.37310000,0.37110000,0.37140000,490888.80000000,1697770799999,182584.75289000,495,344212.50000000,128006.36716000,0
1697770800000,0.37150000,0.37300000,0.37090000,0.37290000,242085.90000000,1697771699999,90070.55410000,339,134276.70000000,49964.41293000,0
1697771700000,0.37300000,0.37620000,0.37300000,0.37450000,859494.90000000,1697772599999,321903.27887000,1272,496805.10000000,186149.64506000,0
1697772600000,0.37440000,0.37480000,0.37340000,0.37360000,267793.50000000,1697773499999,100102.88303000,321,126243.80000000,47185.07961000,0
1697773500000,0.37350000,0.37440000,0.37290000,0.37390000,325768.10000000,1697774399999,121638.58175000,367,154889.80000000,57841.16457000,0
1697774400000,0.37400000,0.37480000,0.37290000,0.37320000,185849.50000000,1697775299999,69458.36330000,242,118780.50000000,44371.43886000,0
1697775300000,0.37320000,0.37620000,0.37300000,0.37600000,509110.20000000,1697776199999,190757.50026000,483,155815.20000000,58426.76264000,0
1697776200000,0.37600000,0.37750000,0.37540000,0.37710000,612512.70000000,1697777099999,230597.72210000,745,278850.60000000,104994.99105000,0
1697777100000,0.37730000,0.37830000,0.37630000,0.37810000,401044.30000000,1697777999999,151335.23850000,427,239773.50000000,90480.33183000,0
1697778000000,0.37810000,0.37830000,0.37570000,0.37630000,237659.10000000,1697778899999,89479.50376000,353,73346.30000000,27609.71667000,0
1697778900000,0.37600000,0.37750000,0.37590000,0.37660000,352882.30000000,1697779799999,132887.51241000,366,154617.10000000,58215.01755000,0
1697779800000,0.37640000,0.37800000,0.37580000,0.37800000,155430.40000000,1697780699999,58570.38679000,224,69669.40000000,26251.32049000,0
1697780700000,0.37800000,0.37820000,0.37740000,0.37790000,65036.50000000,1697781599999,24569.52088000,150,24656.50000000,9314.78259000,0
1697781600000,0.37790000,0.37840000,0.37650000,0.37660000,188640.60000000,1697782499999,71195.71009000,229,80854.80000000,30506.38902000,0
1697782500000,0.37650000,0.37680000,0.37520000,0.37550000,237263.70000000,1697783399999,89163.69299000,354,86664.30000000,32562.48741000,0
1697783400000,0.37540000,0.37780000,0.37530000,0.37730000,345825.00000000,1697784299999,130237.61501000,448,196435.80000000,73930.71635000,0
1697784300000,0.37720000,0.37850000,0.37720000,0.37830000,192428.80000000,1697785199999,72690.68734000,284,149186.80000000,56354.84879000,0
1697785200000,0.37830000,0.37920000,0.37820000,0.37880000,178968.10000000,1697786099999,67789.22673000,256,118709.80000000,44967.48015000,0
1697786100000,0.37890000,0.37980000,0.37820000,0.37960000,212894.00000000,1697786999999,80753.44060000,290,145113.50000000,55048.18182000,0
1697787000000,0.37950000,0.38000000,0.37920000,0.37970000,122089.20000000,1697787899999,46353.53563000,238,75182.90000000,28546.67136000,0
1697787900000,0.37970000,0.37990000,0.37690000,0.37750000,203456.20000000,1697788799999,76939.84280000,276,69338.80000000,26216.38390000,0
1697788800000,0.37750000,0.37990000,0.37740000,0.37950000,237812.30000000,1697789699999,90150.39744000,322,158842.90000000,60223.58777000,0
1697789700000,0.37950000,0.38280000,0.37920000,0.38230000,646135.20000000,1697790599999,246126.22858000,883,342826.80000000,130580.31131000,0
1697790600000,0.38240000,0.38500000,0.38230000,0.38420000,562122.20000000,1697791499999,215677.24793000,836,260476.30000000,99966.04261000,0
1697791500000,0.38430000,0.38440000,0.38120000,0.38140000,721126.00000000,1697792399999,275602.62165000,842,271269.70000000,103667.69765000,0
1697792400000,0.38140000,0.38290000,0.38040000,0.38160000,374720.50000000,1697793299999,143092.30559000,506,153869.40000000,58769.49465000,0
1697793300000,0.38150000,0.38350000,0.38110000,0.38310000,402769.10000000,1697794199999,153841.94737000,481,171052.50000000,65377.84879000,0
1697794200000,0.38300000,0.38330000,0.38200000,0.38320000,162987.60000000,1697795099999,62380.51421000,254,96943.10000000,37097.43329000,0
1697795100000,0.38310000,0.38370000,0.38250000,0.38310000,135449.50000000,1697795999999,51896.47712000,225,51131.30000000,19591.13473000,0
1697796000000,0.38310000,0.38440000,0.38280000,0.38340000,239648.70000000,1697796899999,91920.88047000,450,126823.70000000,48647.73598000,0
1697796900000,0.38330000,0.38510000,0.38120000,0.38160000,415437.20000000,1697797799999,159071.16714000,513,146638.30000000,56228.48279000,0
1697797800000,0.38150000,0.38420000,0.37980000,0.38170000,2261011.50000000,1697798699999,862277.54229000,1978,1091887.20000000,416576.47642000,0
1697798700000,0.38170000,0.38190000,0.37900000,0.37930000,485489.10000000,1697799599999,184472.81216000,560,250655.90000000,95236.31364000,0
1697799600000,0.37920000,0.38070000,0.37880000,0.38070000,378127.80000000,1697800499999,143614.49967000,434,235669.60000000,89531.97825000,0
1697800500000,0.38070000,0.38070000,0.37980000,0.38020000,231377.30000000,1697801399999,87981.87843000,324,125313.60000000,47652.15146000,0
1697801400000,0.38010000,0.38070000,0.37740000,0.37830000,328141.60000000,1697802299999,124342.42253000,420,114302.20000000,43330.41084000,0
1697802300000,0.37830000,0.37870000,0.37680000,0.37700000,360543.50000000,1697803199999,136191.57327000,366,203425.10000000,76858.32240000,0
1697803200000,0.37700000,0.37860000,0.37690000,0.37740000,487921.00000000,1697804099999,184351.04393000,381,378719.10000000,143091.97164000,0
1697804100000,0.37740000,0.37770000,0.37410000,0.37470000,641722.20000000,1697804999999,241244.43667000,907,324316.50000000,121931.04544000,0
1697805000000,0.37480000,0.37710000,0.37470000,0.37660000,349525.60000000,1697805899999,131430.94739000,570,228043.70000000,85741.24179000,0
1697805900000,0.37670000,0.37670000,0.37400000,0.37570000,487289.60000000,1697806799999,182823.59284000,799,178102.30000000,66811.57006000,0
1697806800000,0.37590000,0.37690000,0.37580000,0.37600000,125543.30000000,1697807699999,47245.33757000,279,73844.00000000,27788.22553000,0
1697807700000,0.37610000,0.37710000,0.37580000,0.37690000,144989.50000000,1697808599999,54604.04292000,230,71626.20000000,26980.60771000,0
1697808600000,0.37670000,0.37840000,0.37580000,0.37740000,186662.60000000,1697809499999,70437.92731000,373,111863.30000000,42221.89606000,0
1697809500000,0.37730000,0.37880000,0.37710000,0.37780000,237963.80000000,1697810399999,89956.52660000,321,115555.20000000,43702.92643000,0
1697810400000,0.37770000,0.37900000,0.37630000,0.37640000,212072.30000000,1697811299999,80091.22813000,328,92934.80000000,35096.51285000,0
1697811300000,0.37630000,0.37790000,0.37630000,0.37760000,92132.80000000,1697812199999,34770.29357000,125,67429.80000000,25446.63648000,0
1697812200000,0.37760000,0.37900000,0.37700000,0.37880000,333459.60000000,1697813099999,126083.55541000,336,188567.40000000,71335.14225000,0
1697813100000,0.37880000,0.37950000,0.37810000,0.37820000,108630.50000000,1697813999999,41136.38371000,224,41387.40000000,15676.91198000,0
1697814000000,0.37830000,0.37940000,0.37820000,0.37920000,88414.50000000,1697814899999,33503.17807000,186,43197.90000000,16370.53606000,0
1697814900000,0.37940000,0.38160000,0.37860000,0.38090000,473128.70000000,1697815799999,179942.10835000,569,299090.20000000,113761.15490000,0
1697815800000,0.38090000,0.38100000,0.37920000,0.37920000,193453.80000000,1697816699999,73508.05580000,245,44685.50000000,16993.46713000,0
1697816700000,0.37910000,0.38040000,0.37870000,0.38020000,82199.40000000,1697817599999,31191.45186000,160,40939.50000000,15534.93174000,0
1697817600000,0.38030000,0.38380000,0.38000000,0.38260000,830675.10000000,1697818499999,317214.29606000,1235,589686.00000000,225192.64259000,0
1697818500000,0.38250000,0.38400000,0.37900000,0.37900000,1618476.80000000,1697819399999,618225.01035000,2962,715321.70000000,273437.03506000,0
1697819400000,0.37900000,0.37950000,0.37600000,0.37950000,1192391.90000000,1697820299999,450544.66746000,1526,372959.40000000,141094.14474000,0
1697820300000,0.37950000,0.38150000,0.37950000,0.38150000,442932.00000000,1697821199999,168519.68300000,633,358025.50000000,136245.80989000,0
1697821200000,0.38140000,0.38170000,0.37740000,0.37900000,749416.30000000,1697822099999,284151.41438000,1188,244103.00000000,92610.29036000,0
1697822100000,0.37890000,0.38130000,0.37890000,0.37990000,689892.90000000,1697822999999,262364.40254000,822,370411.30000000,140910.77774000,0
1697823000000,0.37990000,0.38790000,0.37910000,0.38560000,3390304.60000000,1697823899999,1301499.67100000,2597,2006355.30000000,770043.58906000,0
1697823900000,0.38570000,0.38870000,0.38510000,0.38690000,2350960.20000000,1697824799999,909205.85460000,2046,908550.20000000,351430.96991000,0
1697824800000,0.38700000,0.38790000,0.38420000,0.38440000,220419.20000000,1697825699999,85139.58847000,300,86647.90000000,33478.18874000,0
1697825700000,0.38440000,0.38440000,0.38300000,0.38340000,76536.80000000,1697826599999,29366.99252000,186,27058.90000000,10380.80688000,0
1697826600000,0.38340000,0.38370000,0.38250000,0.38310000,156523.60000000,1697827499999,59952.71387000,223,61608.50000000,23602.44664000,0
1697827500000,0.38310000,0.38310000,0.38180000,0.38200000,127169.50000000,1697828399999,48650.15623000,180,39579.80000000,15140.52060000,0
1697828400000,0.38210000,0.38340000,0.38210000,0.38210000,111697.00000000,1697829299999,42761.92737000,165,61628.20000000,23592.89950000,0
1697829300000,0.38220000,0.38250000,0.38120000,0.38190000,100229.50000000,1697830199999,38275.59101000,285,34514.90000000,13179.08101000,0
1697830200000,0.38170000,0.38280000,0.38160000,0.38190000,60030.30000000,1697831099999,22941.60009000,119,17495.00000000,6683.47484000,0
1697831100000,0.38200000,0.38330000,0.38170000,0.38330000,41635.40000000,1697831999999,15934.08695000,107,18624.60000000,7129.97862000,0
1697832000000,0.38330000,0.38350000,0.38270000,0.38350000,97810.30000000,1697832899999,37467.29169000,176,27133.20000000,10396.41442000,0
1697832900000,0.38340000,0.38460000,0.38300000,0.38450000,153475.60000000,1697833799999,58903.08262000,194,57974.40000000,22266.05670000,0
1697833800000,0.38420000,0.38690000,0.38400000,0.38640000,305390.60000000,1697834699999,117802.87540000,462,174889.50000000,67443.29987000,0
1697834700000,0.38640000,0.38700000,0.38460000,0.38490000,148953.70000000,1697835599999,57508.57457000,193,54807.30000000,21172.52794000,0
1697835600000,0.38480000,0.38600000,0.38450000,0.38580000,76669.50000000,1697836499999,29521.17155000,87,21347.70000000,8224.08517000,0
1697836500000,0.38590000,0.38730000,0.38590000,0.38670000,253621.20000000,1697837399999,98066.02610000,249,122648.40000000,47421.50776000,0
1697837400000,0.38680000,0.38710000,0.38640000,0.38670000,101473.70000000,1697838299999,39249.84539000,152,49605.60000000,19183.64499000,0
1697838300000,0.38690000,0.38740000,0.38660000,0.38690000,156994.80000000,1697839199999,60756.78995000,281,47141.70000000,18242.50870000,0
1697839200000,0.38690000,0.38730000,0.38570000,0.38650000,235715.00000000,1697840099999,91110.26360000,319,48484.50000000,18731.96877000,0
1697840100000,0.38660000,0.38660000,0.38510000,0.38600000,70734.20000000,1697840999999,27301.99403000,122,23533.20000000,9078.29544000,0
1697841000000,0.38610000,0.38630000,0.38550000,0.38620000,74880.70000000,1697841899999,28901.04960000,154,19594.20000000,7560.08627000,0
1697841900000,0.38620000,0.38660000,0.38500000,0.38550000,88272.00000000,1697842799999,34048.35133000,175,32775.40000000,12635.18391000,0
1697842800000,0.38540000,0.38560000,0.38460000,0.38540000,83244.80000000,1697843699999,32062.86995000,157,39279.90000000,15126.66674000,0
1697843700000,0.38540000,0.38540000,0.38400000,0.38490000,96346.30000000,1697844599999,37051.26301000,143,56409.70000000,21695.01599000,0
1697844600000,0.38490000,0.38490000,0.38210000,0.38270000,235097.00000000,1697845499999,90095.31304000,291,56366.20000000,21600.80537000,0
1697845500000,0.38270000,0.38330000,0.38270000,0.38270000,106350.90000000,1697846399999,40727.20483000,150,71991.60000000,27570.37709000,0
1697846400000,0.38280000,0.38400000,0.38230000,0.38250000,262782.40000000,1697847299999,100638.39914000,346,88569.80000000,33925.09667000,0
1697847300000,0.38260000,0.38320000,0.38180000,0.38190000,141505.00000000,1697848199999,54132.81688000,239,25352.50000000,9697.08255000,0
1697848200000,0.38180000,0.38240000,0.38140000,0.38170000,126026.00000000,1697849099999,48124.86416000,217,55419.00000000,21154.61235000,0
1697849100000,0.38190000,0.38290000,0.38190000,0.38260000,79787.90000000,1697849999999,30511.81341000,183,25922.70000000,9913.51226000,0
1697850000000,0.38260000,0.38310000,0.38240000,0.38310000,52529.20000000,1697850899999,20104.42536000,111,28301.90000000,10831.32495000,0
1697850900000,0.38310000,0.38340000,0.38200000,0.38200000,100725.70000000,1697851799999,38511.43984000,176,32481.80000000,12418.79495000,0
1697851800000,0.38210000,0.38260000,0.38160000,0.38200000,151765.40000000,1697852699999,58010.20753000,124,68874.00000000,26313.64893000,0
1697852700000,0.38210000,0.38350000,0.38210000,0.38270000,143912.10000000,1697853599999,55075.23450000,203,25159.50000000,9627.13126000,0
1697853600000,0.38290000,0.38420000,0.38260000,0.38410000,196299.70000000,1697854499999,75280.73320000,345,73043.80000000,28005.07122000,0
1697854500000,0.38400000,0.38460000,0.38380000,0.38440000,86296.60000000,1697855399999,33144.43808000,150,49600.60000000,19049.35339000,0
1697855400000,0.38450000,0.38460000,0.38260000,0.38330000,186850.00000000,1697856299999,71783.59440000,237,82604.80000000,31734.53576000,0
1697856300000,0.38330000,0.38330000,0.38160000,0.38180000,60468.50000000,1697857199999,23112.83749000,118,20651.40000000,7886.87882000,0
1697857200000,0.38180000,0.38210000,0.37950000,0.38010000,246018.90000000,1697858099999,93568.37496000,353,80313.20000000,30541.72295000,0
1697858100000,0.38020000,0.38170000,0.38020000,0.38110000,92974.40000000,1697858999999,35439.94112000,150,46528.60000000,17732.00342000,0
1697859000000,0.38120000,0.38210000,0.38120000,0.38210000,220678.60000000,1697859899999,84249.65030000,238,156393.90000000,59709.62333000,0
1697859900000,0.38210000,0.38250000,0.38160000,0.38170000,56956.10000000,1697860799999,21770.84788000,88,36427.60000000,13925.07698000,0
1697860800000,0.38180000,0.38230000,0.38160000,0.38210000,171503.40000000,1697861699999,65512.47729000,136,50175.40000000,19165.02113000,0
1697861700000,0.38210000,0.38330000,0.38190000,0.38290000,169343.70000000,1697862599999,64837.80577000,184,143384.50000000,54906.70882000,0
1697862600000,0.38300000,0.38360000,0.38290000,0.38360000,120281.30000000,1697863499999,46085.29323000,153,63480.30000000,24325.20054000,0
1697863500000,0.38350000,0.38380000,0.38270000,0.38310000,122430.30000000,1697864399999,46932.19310000,194,24075.50000000,9229.33697000,0
1697864400000,0.38300000,0.38420000,0.38290000,0.38340000,40124.70000000,1697865299999,15386.88376000,98,13566.60000000,5202.35239000,0
1697865300000,0.38330000,0.38410000,0.38310000,0.38360000,55442.00000000,1697866199999,21267.04579000,87,38865.90000000,14904.78362000,0
1697866200000,0.38360000,0.38420000,0.38330000,0.38350000,92106.90000000,1697867099999,35334.25005000,136,33955.10000000,13027.94598000,0
1697867100000,0.38370000,0.38450000,0.38350000,0.38380000,65890.10000000,1697867999999,25305.10135000,161,33133.40000000,12720.54889000,0
1697868000000,0.38390000,0.38400000,0.38290000,0.38370000,84795.80000000,1697868899999,32489.44794000,132,34905.80000000,13374.10778000,0
1697868900000,0.38370000,0.38490000,0.38360000,0.38480000,131811.20000000,1697869799999,50653.89166000,252,53251.20000000,20462.01595000,0
1697869800000,0.38470000,0.38810000,0.38460000,0.38690000,843473.30000000,1697870699999,325930.39090000,1421,452074.50000000,174686.79959000,0
1697870700000,0.38710000,0.38900000,0.38680000,0.38790000,554094.40000000,1697871599999,214983.67478000,766,278032.00000000,107872.05770000,0
1697871600000,0.38800000,0.38820000,0.38620000,0.38640000,147348.50000000,1697872499999,57061.43101000,272,55253.50000000,21384.00870000,0
1697872500000,0.38640000,0.38690000,0.38610000,0.38680000,145407.40000000,1697873399999,56199.69451000,237,86538.80000000,33451.25066000,0
1697873400000,0.38680000,0.38770000,0.38630000,0.38770000,206399.10000000,1697874299999,79821.99783000,230,104298.10000000,40333.40760000,0
1697874300000,0.38760000,0.38840000,0.38720000,0.38740000,170841.40000000,1697875199999,66251.74556000,302,68291.30000000,26481.29166000,0
1697875200000,0.38730000,0.38760000,0.38660000,0.38670000,205417.70000000,1697876099999,79492.64875000,217,80369.50000000,31105.12809000,0
1697876100000,0.38680000,0.38900000,0.38680000,0.38890000,214432.90000000,1697876999999,83219.62348000,339,113334.70000000,43982.19990000,0
1697877000000,0.38870000,0.38890000,0.38770000,0.38840000,110710.40000000,1697877899999,42972.35931000,228,41737.40000000,16202.57970000,0
1697877900000,0.38830000,0.38860000,0.38730000,0.38790000,93948.40000000,1697878799999,36433.28088000,232,36716.00000000,14240.32068000,0
1697878800000,0.38790000,0.38860000,0.38720000,0.38800000,76917.80000000,1697879699999,29847.17899000,181,41984.90000000,16292.03093000,0
1697879700000,0.38810000,0.38840000,0.38750000,0.38790000,129122.90000000,1697880599999,50095.06852000,235,66936.30000000,25963.39232000,0
1697880600000,0.38800000,0.38890000,0.38790000,0.38880000,144043.30000000,1697881499999,55963.30142000,193,99562.30000000,38690.66598000,0
1697881500000,0.38880000,0.39180000,0.38870000,0.38970000,800792.30000000,1697882399999,312622.89124000,1085,495161.90000000,193283.05004000,0
1697882400000,0.38960000,0.38970000,0.38820000,0.38840000,227271.70000000,1697883299999,88390.50573000,255,131031.10000000,50961.64412000,0
1697883300000,0.38840000,0.38880000,0.38760000,0.38760000,110321.50000000,1697884199999,42833.06565000,151,25313.80000000,9829.07811000,0
1697884200000,0.38770000,0.38870000,0.38770000,0.38850000,139652.40000000,1697885099999,54201.51935000,176,49458.90000000,19196.13604000,0
1697885100000,0.38870000,0.38910000,0.38780000,0.38780000,113663.00000000,1697885999999,44145.91160000,173,39524.90000000,15358.98039000,0
1697886000000,0.38780000,0.38790000,0.38690000,0.38730000,210447.60000000,1697886899999,81526.39851000,215,79707.20000000,30880.87047000,0
1697886900000,0.38740000,0.38820000,0.38710000,0.38810000,69307.20000000,1697887799999,26867.77330000,138,40675.20000000,15766.63803000,0
1697887800000,0.38810000,0.39060000,0.38800000,0.39020000,286321.40000000,1697888699999,111563.29772000,526,159265.20000000,62040.29810000,0
1697888700000,0.39000000,0.39120000,0.39000000,0.39100000,314632.70000000,1697889599999,122817.23848000,267,117450.10000000,45881.47814000,0
1697889600000,0.39100000,0.39110000,0.38930000,0.39010000,361825.90000000,1697890499999,141141.92263000,275,163217.10000000,63668.73665000,0
1697890500000,0.39000000,0.39020000,0.38920000,0.38920000,163840.50000000,1697891399999,63833.94639000,175,57878.60000000,22554.03384000,0
1697891400000,0.38910000,0.38940000,0.38800000,0.38860000,244254.50000000,1697892299999,94865.39276000,290,118766.00000000,46125.20347000,0
1697892300000,0.38850000,0.38860000,0.38650000,0.38730000,218847.20000000,1697893199999,84754.32839000,385,57708.30000000,22357.14093000,0
1697893200000,0.38730000,0.38830000,0.38390000,0.38510000,2665996.80000000,1697894099999,1029213.27588000,2312,1252726.10000000,483186.26546000,0
1697894100000,0.38520000,0.38540000,0.38350000,0.38540000,530614.20000000,1697894999999,204103.58858000,706,267905.10000000,103044.59304000,0
1697895000000,0.38540000,0.39300000,0.38430000,0.39170000,2738128.20000000,1697895899999,1062020.32221000,2523,1499205.60000000,581329.72858000,0
1697895900000,0.39170000,0.39570000,0.39080000,0.39430000,2375060.20000000,1697896799999,934739.29242000,2556,1101619.00000000,433578.45279000,0
1697896800000,0.39450000,0.39560000,0.39080000,0.39260000,1363821.40000000,1697897699999,536540.78720000,1463,696263.00000000,273821.14190000,0
1697897700000,0.39260000,0.39770000,0.39260000,0.39530000,1804401.60000000,1697898599999,713728.01726000,1774,931722.30000000,368376.52188000,0
1697898600000,0.39530000,0.39550000,0.39290000,0.39410000,985176.40000000,1697899499999,388085.66239000,894,357712.60000000,140953.67302000,0
1697899500000,0.39410000,0.39530000,0.39240000,0.39290000,654152.20000000,1697900399999,257611.13041000,744,301061.90000000,118611.10296000,0
1697900400000,0.39300000,0.39420000,0.39150000,0.39190000,499699.90000000,1697901299999,196265.63193000,538,210802.80000000,82824.46739000,0
1697901300000,0.39200000,0.39330000,0.39080000,0.39290000,639696.30000000,1697902199999,250901.30663000,659,389774.10000000,152887.50669000,0
1697902200000,0.39300000,0.39580000,0.39300000,0.39520000,496197.40000000,1697903099999,195902.80920000,503,195665.40000000,77243.27895000,0
1697903100000,0.39520000,0.39620000,0.39470000,0.39580000,233397.80000000,1697903999999,92283.55677000,347,102694.20000000,40596.17348000,0
1697904000000,0.39570000,0.39770000,0.39400000,0.39530000,1419697.40000000,1697904899999,561591.47734000,1239,592574.90000000,234529.19474000,0
1697904900000,0.39520000,0.39900000,0.39460000,0.39790000,1622824.20000000,1697905799999,644719.66238000,1224,888198.10000000,352744.51825000,0
1697905800000,0.39720000,0.39900000,0.39670000,0.39870000,452686.30000000,1697906699999,180240.59181000,548,182474.20000000,72626.78942000,0
1697906700000,0.39870000,0.39900000,0.39480000,0.39520000,449712.00000000,1697907599999,178375.18921000,490,193381.60000000,76665.48051000,0
1697907600000,0.39520000,0.39560000,0.39400000,0.39520000,403611.80000000,1697908499999,159361.55876000,369,133113.90000000,52553.19816000,0
1697908500000,0.39520000,0.39690000,0.39480000,0.39690000,264554.80000000,1697909399999,104657.44885000,272,135706.70000000,53697.25305000,0
1697909400000,0.39690000,0.39990000,0.39690000,0.39910000,608944.30000000,1697910299999,242796.75514000,682,379226.40000000,151190.40599000,0
1697910300000,0.39890000,0.40000000,0.39770000,0.39850000,590188.20000000,1697911199999,235239.68854000,654,208805.20000000,83218.41421000,0
1697911200000,0.39860000,0.40020000,0.39420000,0.39460000,960911.60000000,1697912099999,381917.44504000,1030,497801.00000000,198046.91776000,0
1697912100000,0.39470000,0.39640000,0.39370000,0.39620000,443660.00000000,1697912999999,175223.24771000,448,211631.30000000,83681.35822000,0
1697913000000,0.39620000,0.39780000,0.39530000,0.39770000,383632.50000000,1697913899999,152152.90984000,337,310572.80000000,123207.77459000,0
1697913900000,0.39770000,0.39840000,0.39720000,0.39760000,137845.00000000,1697914799999,54821.81319000,200,41012.00000000,16311.29622000,0
1697914800000,0.39770000,0.39900000,0.39480000,0.39490000,503984.10000000,1697915699999,199926.28645000,577,264978.00000000,105152.07067000,0
1697915700000,0.39490000,0.39520000,0.39390000,0.39410000,145451.30000000,1697916599999,57377.55168000,225,62739.90000000,24753.11574000,0
1697916600000,0.39410000,0.39620000,0.39410000,0.39610000,126930.80000000,1697917499999,50148.18243000,138,68830.70000000,27166.40815000,0
1697917500000,0.39610000,0.39750000,0.39590000,0.39740000,79154.70000000,1697918399999,31402.65230000,143,33742.10000000,13381.41130000,0
1697918400000,0.39740000,0.39760000,0.39560000,0.39570000,175897.90000000,1697919299999,69706.85853000,216,67782.90000000,26844.19023000,0
1697919300000,0.39570000,0.39590000,0.39430000,0.39550000,216623.50000000,1697920199999,85639.94029000,260,104496.40000000,41316.97996000,0
1697920200000,0.39540000,0.39590000,0.39430000,0.39480000,117812.40000000,1697921099999,46577.69276000,140,58257.80000000,23040.71067000,0
1697921100000,0.39490000,0.39550000,0.39450000,0.39460000,40578.60000000,1697921999999,16026.63890000,94,22368.80000000,8834.84528000,0
1697922000000,0.39480000,0.39490000,0.39380000,0.39420000,101164.00000000,1697922899999,39868.26667000,142,32058.30000000,12638.77971000,0
1697922900000,0.39420000,0.39450000,0.39380000,0.39400000,54863.40000000,1697923799999,21626.32138000,89,33565.00000000,13230.54502000,0
1697923800000,0.39410000,0.39470000,0.39300000,0.39300000,98923.60000000,1697924699999,38930.11278000,165,52855.10000000,20798.40425000,0
1697924700000,0.39300000,0.39420000,0.39290000,0.39400000,68332.50000000,1697925599999,26905.62271000,96,45739.70000000,18014.65103000,0
1697925600000,0.39400000,0.39480000,0.39380000,0.39400000,69410.40000000,1697926499999,27379.75302000,88,47565.30000000,18762.71606000,0
1697926500000,0.39390000,0.39390000,0.39230000,0.39250000,51333.60000000,1697927399999,20164.28005000,112,20439.00000000,8026.48786000,0
1697927400000,0.39250000,0.39270000,0.39160000,0.39240000,139504.80000000,1697928299999,54722.92002000,180,37932.00000000,14875.59104000,0
1697928300000,0.39220000,0.39280000,0.39120000,0.39130000,189450.60000000,1697929199999,74299.97108000,207,127273.60000000,49938.20051000,0
1697929200000,0.39140000,0.39140000,0.38960000,0.38970000,203126.00000000,1697930099999,79284.22888000,241,47759.50000000,18645.57784000,0
1697930100000,0.38970000,0.39020000,0.38890000,0.38970000,103641.60000000,1697930999999,40367.96850000,204,58562.40000000,22809.11053000,0
1697931000000,0.38970000,0.38980000,0.38830000,0.38930000,341260.40000000,1697931899999,132704.18753000,321,113874.10000000,44272.44501000,0
1697931900000,0.38920000,0.39110000,0.38920000,0.39080000,639680.90000000,1697932799999,249731.02425000,372,407950.00000000,159222.58675000,0
1697932800000,0.39090000,0.39100000,0.38810000,0.38950000,373476.60000000,1697933699999,145397.07552000,654,144300.00000000,56176.88514000,0
1697933700000,0.38950000,0.38980000,0.38870000,0.38940000,139134.80000000,1697934599999,54138.16151000,295,41075.00000000,15984.26795000,0
1697934600000,0.38930000,0.38960000,0.38740000,0.38890000,264250.50000000,1697935499999,102569.30750000,545,77442.70000000,30065.65517000,0
1697935500000,0.38890000,0.39280000,0.38880000,0.39140000,330957.50000000,1697936399999,129481.96609000,539,227351.70000000,88957.08714000,0
1697936400000,0.39140000,0.39350000,0.39060000,0.39330000,601453.40000000,1697937299999,235914.11386000,841,411310.80000000,161351.54223000,0
1697937300000,0.39330000,0.39350000,0.38960000,0.38970000,521689.90000000,1697938199999,204665.50489000,737,301506.50000000,118394.18830000,0
1697938200000,0.38980000,0.39060000,0.38820000,0.39000000,313110.70000000,1697939099999,122016.87682000,624,131710.80000000,51347.00591000,0
1697939100000,0.38990000,0.39220000,0.38980000,0.39210000,70209.60000000,1697939999999,27437.80290000,155,38980.00000000,15229.42423000,0
1697940000000,0.39210000,0.39240000,0.39140000,0.39160000,100740.90000000,1697940899999,39485.46411000,167,48955.20000000,19184.41925000,0
1697940900000,0.39150000,0.39150000,0.39010000,0.39070000,95466.10000000,1697941799999,37299.33232000,138,23547.80000000,9197.30614000,0
1697941800000,0.39070000,0.39130000,0.38950000,0.39070000,209231.80000000,1697942699999,81652.40236000,194,72968.50000000,28475.79605000,0
1697942700000,0.39060000,0.39170000,0.38950000,0.39080000,185867.90000000,1697943599999,72629.26443000,211,91895.30000000,35917.14043000,0
1697943600000,0.39090000,0.39160000,0.39020000,0.39140000,122527.70000000,1697944499999,47896.15915000,179,53808.80000000,21036.18457000,0
1697944500000,0.39140000,0.39400000,0.39140000,0.39300000,213421.20000000,1697945399999,83854.74810000,455,101482.60000000,39863.40805000,0
1697945400000,0.39300000,0.39480000,0.39240000,0.39460000,162047.00000000,1697946299999,63779.09263000,359,104836.30000000,41262.17223000,0
1697946300000,0.39450000,0.39570000,0.39370000,0.39490000,363497.50000000,1697947199999,143526.16856000,464,195814.30000000,77314.62565000,0
1697947200000,0.39490000,0.39510000,0.39340000,0.39350000,163782.40000000,1697948099999,64586.53619000,229,75576.70000000,29795.02675000,0
1697948100000,0.39350000,0.39620000,0.39260000,0.39580000,363701.40000000,1697948999999,143419.81210000,483,161801.60000000,63854.91687000,0
1697949000000,0.39570000,0.39760000,0.39550000,0.39750000,566788.50000000,1697949899999,224647.88362000,901,321697.00000000,127474.90992000,0
1697949900000,0.39740000,0.40210000,0.39720000,0.40030000,3410264.30000000,1697950799999,1365153.11547000,2740,1597309.90000000,638704.10996000,0
1697950800000,0.40030000,0.40310000,0.40020000,0.40250000,846021.80000000,1697951699999,339814.26928000,1148,478338.80000000,192091.54479000,0
1697951700000,0.40250000,0.40500000,0.40250000,0.40420000,498390.50000000,1697952599999,201154.43237000,814,205509.80000000,82954.27634000,0
1697952600000,0.40410000,0.40470000,0.39880000,0.39950000,2619707.60000000,1697953499999,1049188.31061000,1570,1061161.90000000,424576.67289000,0
1697953500000,0.39960000,0.40090000,0.39840000,0.39840000,1609199.70000000,1697954399999,642787.80410000,1528,833576.80000000,332951.38585000,0
1697954400000,0.39830000,0.40340000,0.39800000,0.40260000,717371.90000000,1697955299999,287914.40388000,1044,448267.80000000,179862.72174000,0
1697955300000,0.40250000,0.40350000,0.40040000,0.40070000,294638.70000000,1697956199999,118390.29337000,545,129796.50000000,52160.82651000,0
1697956200000,0.40060000,0.40340000,0.39990000,0.40290000,291125.80000000,1697957099999,116771.43817000,532,188036.90000000,75406.99720000,0
1697957100000,0.40290000,0.40500000,0.40250000,0.40480000,725422.70000000,1697957999999,292803.73219000,951,301538.90000000,121721.23585000,0
1697958000000,0.40500000,0.40610000,0.40320000,0.40340000,630424.30000000,1697958899999,255225.49369000,965,278518.60000000,112776.20911000,0
1697958900000,0.40340000,0.41940000,0.40260000,0.41170000,5506420.30000000,1697959799999,2266766.21023000,5907,2915881.70000000,1198769.01549000,0
1697959800000,0.41160000,0.41360000,0.39890000,0.40370000,6251456.90000000,1697960699999,2541052.19953000,9048,3173603.40000000,1289411.39066000,0
1697960700000,0.40360000,0.40550000,0.40100000,0.40150000,2147164.00000000,1697961599999,866094.12642000,2000,1135910.40000000,458169.71686000,0
1697961600000,0.40150000,0.40430000,0.39940000,0.40260000,980829.60000000,1697962499999,394452.06826000,1381,557895.60000000,224443.95976000,0
1697962500000,0.40270000,0.40380000,0.39410000,0.39510000,1102039.40000000,1697963399999,438206.27548000,1779,483001.00000000,191979.74291000,0
1697963400000,0.39500000,0.39930000,0.39390000,0.39870000,761096.10000000,1697964299999,302086.51031000,968,442497.80000000,175669.36483000,0
1697964300000,0.39840000,0.40010000,0.39620000,0.39630000,459603.20000000,1697965199999,182789.14130000,665,187828.60000000,74695.05031000,0
1697965200000,0.39630000,0.40000000,0.39630000,0.39990000,307858.70000000,1697966099999,122642.94231000,444,148983.40000000,59339.84191000,0
1697966100000,0.40000000,0.40160000,0.39970000,0.40080000,296678.60000000,1697966999999,118878.71529000,421,196701.50000000,78836.42117000,0
1697967000000,0.40110000,0.40160000,0.39940000,0.40040000,354151.00000000,1697967899999,141859.83647000,437,144038.70000000,57697.31350000,0
1697967900000,0.40040000,0.40060000,0.39850000,0.39890000,281196.70000000,1697968799999,112328.16506000,389,108176.30000000,43184.66403000,0
1697968800000,0.39900000,0.40140000,0.39890000,0.40030000,189730.30000000,1697969699999,75952.11769000,263,90852.10000000,36345.34578000,0
1697969700000,0.40040000,0.40180000,0.39970000,0.40030000,352709.90000000,1697970599999,141288.81339000,397,139791.00000000,56011.16450000,0
1697970600000,0.40030000,0.40350000,0.40020000,0.40340000,453311.30000000,1697971499999,182532.40282000,571,322825.10000000,130006.78251000,0
1697971500000,0.40350000,0.40400000,0.40210000,0.40310000,258495.70000000,1697972399999,104159.59309000,347,152945.60000000,61622.79193000,0
1697972400000,0.40300000,0.40310000,0.40130000,0.40230000,292106.70000000,1697973299999,117436.74134000,316,78812.70000000,31679.82951000,0
1697973300000,0.40230000,0.40260000,0.39950000,0.39980000,328644.80000000,1697974199999,131774.88640000,451,153105.60000000,61415.18124000,0
1697974200000,0.39970000,0.40000000,0.39770000,0.39980000,383638.20000000,1697975099999,153007.98852000,511,143057.10000000,57041.37077000,0
1697975100000,0.39900000,0.39980000,0.39780000,0.39900000,265829.00000000,1697975999999,105950.46296000,302,105469.90000000,42063.51260000,0
1697976000000,0.39900000,0.39950000,0.39770000,0.39780000,302852.40000000,1697976899999,120660.06786000,351,148893.90000000,59311.44628000,0
1697976900000,0.39790000,0.40090000,0.39790000,0.40050000,375866.20000000,1697977799999,150214.12168000,311,293539.30000000,117370.10062000,0
1697977800000,0.40040000,0.40100000,0.39930000,0.39930000,434170.30000000,1697978699999,173829.99377000,354,124856.20000000,50008.88749000,0
1697978700000,0.39920000,0.39980000,0.39860000,0.39920000,163399.00000000,1697979599999,65225.64845000,243,105713.30000000,42202.43917000,0
1697979600000,0.39920000,0.39980000,0.39800000,0.39900000,301043.20000000,1697980499999,120178.52680000,346,112381.70000000,44859.83913000,0
1697980500000,0.39900000,0.39980000,0.39830000,0.39980000,260851.60000000,1697981399999,104094.28307000,394,136534.50000000,54493.78630000,0
1697981400000,0.39980000,0.40100000,0.39940000,0.40080000,1100555.70000000,1697982299999,440097.29171000,525,674094.90000000,269580.13822000,0
1697982300000,0.40070000,0.40080000,0.39910000,0.39950000,204447.10000000,1697983199999,81707.29092000,252,76049.40000000,30389.54238000,0
1697983200000,0.39940000,0.40010000,0.39810000,0.39910000,242807.80000000,1697984099999,96854.66839000,348,107490.00000000,42892.46776000,0
1697984100000,0.39920000,0.39930000,0.39560000,0.39630000,604009.00000000,1697984999999,239674.64481000,715,334492.80000000,132692.85138000,0
1697985000000,0.39640000,0.39830000,0.39610000,0.39800000,241001.80000000,1697985899999,95778.48965000,409,129262.00000000,51371.49196000,0
1697985900000,0.39800000,0.39800000,0.39520000,0.39630000,281827.30000000,1697986799999,111654.81597000,398,107959.00000000,42765.40940000,0
1697986800000,0.39610000,0.39730000,0.39490000,0.39570000,370117.10000000,1697987699999,146570.39704000,602,159996.40000000,63368.29307000,0
1697987700000,0.39560000,0.39760000,0.39540000,0.39550000,255741.50000000,1697988599999,101310.85821000,353,164148.10000000,65019.66277000,0
1697988600000,0.39550000,0.39550000,0.39250000,0.39460000,626526.30000000,1697989499999,246676.90978000,814,207958.20000000,81910.02472000,0
1697989500000,0.39460000,0.39580000,0.39450000,0.39540000,301012.60000000,1697990399999,118961.23990000,457,95847.30000000,37889.25957000,0
1697990400000,0.39550000,0.39790000,0.39490000,0.39710000,350273.00000000,1697991299999,139111.08114000,375,127346.50000000,50544.80177000,0
1697991300000,0.39720000,0.39870000,0.39680000,0.39780000,265139.00000000,1697992199999,105518.68965000,289,111046.60000000,44215.73642000,0
1697992200000,0.39780000,0.39870000,0.39720000,0.39800000,179726.10000000,1697993099999,71511.24811000,245,102887.40000000,40934.39607000,0
1697993100000,0.39800000,0.39840000,0.39650000,0.39760000,135609.20000000,1697993999999,53908.57765000,224,83509.60000000,33186.45428000,0
1697994000000,0.39760000,0.39860000,0.39710000,0.39850000,97686.20000000,1697994899999,38883.22563000,202,30629.70000000,12189.80620000,0
1697994900000,0.39840000,0.39890000,0.39760000,0.39790000,109325.00000000,1697995799999,43533.91573000,157,75666.70000000,30121.65710000,0
1697995800000,0.39790000,0.39980000,0.39760000,0.39920000,378110.60000000,1697996699999,150675.51104000,440,235976.10000000,94012.08181000,0
1697996700000,0.39930000,0.39950000,0.39680000,0.39720000,136134.80000000,1697997599999,54182.93093000,232,61247.10000000,24393.61999000,0
1697997600000,0.39720000,0.39810000,0.39640000,0.39740000,158887.20000000,1697998499999,63113.61914000,273,83493.70000000,33167.57119000,0
1697998500000,0.39740000,0.39870000,0.39680000,0.39850000,151521.30000000,1697999399999,60271.48426000,289,85798.10000000,34118.75009000,0
1697999400000,0.39840000,0.39890000,0.39750000,0.39810000,220040.20000000,1698000299999,87643.49889000,302,107675.70000000,42886.53023000,0
1698000300000,0.39830000,0.39840000,0.39670000,0.39670000,123245.40000000,1698001199999,48983.20114000,201,41628.80000000,16550.29692000,0
1698001200000,0.39670000,0.39740000,0.39610000,0.39630000,80681.90000000,1698002099999,32006.84133000,243,39919.00000000,15834.68760000,0
1698002100000,0.39630000,0.39860000,0.39630000,0.39830000,149866.20000000,1698002999999,59621.58200000,224,89607.90000000,35646.34547000,0
1698003000000,0.39840000,0.39900000,0.39770000,0.39810000,106657.20000000,1698003899999,42482.46443000,176,66922.40000000,26656.13615000,0
1698003900000,0.39820000,0.39820000,0.39560000,0.39570000,205401.70000000,1698004799999,81364.40913000,281,96736.10000000,38301.48157000,0
1698004800000,0.39560000,0.39720000,0.39560000,0.39720000,92635.70000000,1698005699999,36692.65072000,184,53257.10000000,21097.70327000,0
1698005700000,0.39720000,0.39740000,0.39630000,0.39690000,104038.30000000,1698006599999,41304.64321000,130,34430.30000000,13665.70054000,0
1698006600000,0.39680000,0.39790000,0.39630000,0.39780000,90624.00000000,1698007499999,35980.62095000,142,48217.80000000,19149.01032000,0
1698007500000,0.39780000,0.39860000,0.39780000,0.39830000,48398.10000000,1698008399999,19269.22965000,110,17570.90000000,6998.42271000,0
1698008400000,0.39830000,0.39900000,0.39760000,0.39780000,160038.20000000,1698009299999,63763.42497000,173,64684.50000000,25783.07488000,0
1698009300000,0.39780000,0.39780000,0.39630000,0.39730000,101448.90000000,1698010199999,40261.56932000,148,70993.80000000,28167.68446000,0
1698010200000,0.39730000,0.39970000,0.39730000,0.39910000,147586.40000000,1698011099999,58930.09915000,220,109638.60000000,43782.41103000,0
1698011100000,0.39900000,0.39910000,0.39770000,0.39770000,56512.70000000,1698011999999,22518.88891000,89,32705.80000000,13032.34858000,0
1698012000000,0.39760000,0.39920000,0.39690000,0.39920000,81603.50000000,1698012899999,32455.47132000,132,40664.10000000,16194.86218000,0
1698012900000,0.39930000,0.40040000,0.39920000,0.39990000,134620.80000000,1698013799999,53848.05975000,223,59760.40000000,23904.59270000,0
1698013800000,0.40000000,0.40370000,0.39890000,0.40260000,378125.40000000,1698014699999,151774.46180000,614,180374.00000000,72412.10001000,0
1698014700000,0.40240000,0.40400000,0.40160000,0.40360000,349884.10000000,1698015599999,140849.11957000,714,201063.70000000,80947.61051000,0
1698015600000,0.40360000,0.40440000,0.40180000,0.40360000,352872.90000000,1698016499999,142314.02882000,484,173038.90000000,69819.46116000,0
1698016500000,0.40350000,0.40370000,0.40170000,0.40340000,236109.70000000,1698017399999,95117.91311000,340,90385.20000000,36415.31654000,0
1698017400000,0.40340000,0.40400000,0.40290000,0.40320000,168944.90000000,1698018299999,68151.08835000,264,82406.40000000,33239.44540000,0
1698018300000,0.40340000,0.40430000,0.40240000,0.40430000,243846.20000000,1698019199999,98392.07488000,341,115287.70000000,46503.28992000,0
1698019200000,0.40430000,0.40640000,0.40410000,0.40490000,550810.50000000,1698020099999,223096.65711000,782,372356.30000000,150781.36430000,0
1698020100000,0.40490000,0.40490000,0.40070000,0.40140000,585468.90000000,1698020999999,235311.45340000,860,258143.80000000,103671.59320000,0
1698021000000,0.40130000,0.40480000,0.40080000,0.40470000,756679.20000000,1698021899999,304162.71598000,775,461336.40000000,185502.77264000,0
1698021900000,0.40470000,0.40840000,0.40450000,0.40810000,492307.60000000,1698022799999,200075.80888000,1223,297066.10000000,120703.42537000,0
1698022800000,0.40810000,0.40940000,0.40520000,0.40870000,680155.40000000,1698023699999,277090.53706000,1117,306459.80000000,124957.44730000,0
1698023700000,0.40870000,0.41310000,0.40830000,0.41130000,1145083.60000000,1698024599999,469856.96466000,1908,551932.60000000,226499.69657000,0
1698024600000,0.41120000,0.41260000,0.40800000,0.40870000,914984.00000000,1698025499999,374923.21739000,1325,464695.50000000,190440.46291000,0
1698025500000,0.40870000,0.40990000,0.40720000,0.40890000,472704.00000000,1698026399999,193221.06513000,559,249663.60000000,102056.76397000,0
1698026400000,0.40880000,0.41300000,0.40880000,0.41060000,1466492.90000000,1698027299999,602063.87360000,1774,905434.10000000,371745.32662000,0
1698027300000,0.41070000,0.41260000,0.40980000,0.41190000,1354333.80000000,1698028199999,556219.33334000,1157,907313.10000000,372511.64475000,0
1698028200000,0.41180000,0.41460000,0.41120000,0.41250000,480766.70000000,1698029099999,198665.16260000,805,337093.30000000,139266.90995000,0
1698029100000,0.41250000,0.41300000,0.41100000,0.41120000,346072.90000000,1698029999999,142537.12874000,484,184079.60000000,75821.37028000,0
1698030000000,0.41130000,0.41250000,0.40920000,0.40920000,364407.90000000,1698030899999,149695.70470000,572,113850.50000000,46765.62711000,0
1698030900000,0.40920000,0.41100000,0.40860000,0.41080000,261186.40000000,1698031799999,107094.22942000,510,129592.10000000,53123.19507000,0
1698031800000,0.41070000,0.41210000,0.40920000,0.41200000,335245.70000000,1698032699999,137549.55909000,514,136838.60000000,56151.76209000,0
1698032700000,0.41170000,0.41500000,0.40980000,0.41090000,1037468.30000000,1698033599999,427737.40267000,1675,486007.20000000,200338.55621000,0
1698033600000,0.41090000,0.41340000,0.41000000,0.41250000,1574997.90000000,1698034499999,649185.24123000,1237,626653.80000000,258327.94229000,0
1698034500000,0.41250000,0.41480000,0.41130000,0.41450000,618970.30000000,1698035399999,255271.86572000,758,254057.40000000,104891.82914000,0
1698035400000,0.41450000,0.41590000,0.41290000,0.41300000,437285.30000000,1698036299999,181330.54333000,751,173051.60000000,71738.99237000,0
1698036300000,0.41310000,0.41390000,0.41210000,0.41360000,338303.50000000,1698037199999,139681.44405000,527,157202.70000000,64912.22551000,0
1698037200000,0.41360000,0.41360000,0.41000000,0.41300000,557025.30000000,1698038099999,229167.15560000,742,140102.50000000,57664.83649000,0
1698038100000,0.41300000,0.41320000,0.41030000,0.41130000,476595.00000000,1698038999999,196263.72421000,892,237554.60000000,97824.89998000,0
1698039000000,0.41120000,0.41340000,0.41090000,0.41090000,417209.10000000,1698039899999,171945.79938000,750,202470.60000000,83487.82471000,0
1698039900000,0.41090000,0.41180000,0.40710000,0.40790000,1193405.20000000,1698040799999,488063.49213000,1487,435062.70000000,178008.09768000,0
1698040800000,0.40800000,0.41000000,0.40800000,0.40810000,417977.10000000,1698041699999,170917.95912000,708,250247.40000000,102328.45120000,0
1698041700000,0.40810000,0.40930000,0.40600000,0.40640000,628297.30000000,1698042599999,255772.50789000,1052,263151.10000000,107161.07971000,0
1698042600000,0.40640000,0.40640000,0.40440000,0.40520000,900521.60000000,1698043499999,365022.64832000,682,301463.90000000,122130.36737000,0
1698043500000,0.40530000,0.40600000,0.40320000,0.40350000,552641.30000000,1698044399999,223678.52678000,642,188232.60000000,76215.40161000,0
1698044400000,0.40350000,0.40400000,0.39910000,0.40120000,1499882.60000000,1698045299999,601114.17256000,1629,369363.30000000,148240.34366000,0
1698045300000,0.40120000,0.40280000,0.40100000,0.40180000,254660.30000000,1698046199999,102405.65622000,406,122375.90000000,49201.72690000,0
1698046200000,0.40180000,0.40320000,0.40180000,0.40180000,260378.50000000,1698047099999,104762.36732000,348,94800.20000000,38151.61758000,0
1698047100000,0.40180000,0.40190000,0.39520000,0.39850000,1074821.60000000,1698047999999,428444.32399000,1413,481200.40000000,191678.83704000,0
1698048000000,0.39860000,0.39980000,0.39800000,0.39980000,305623.30000000,1698048899999,121867.67547000,422,184625.30000000,73630.54497000,0
1698048900000,0.39980000,0.39990000,0.39590000,0.39920000,1117465.50000000,1698049799999,443673.31983000,828,350980.30000000,139278.39790000,0
1698049800000,0.39920000,0.39980000,0.39860000,0.39950000,212603.60000000,1698050699999,84848.02033000,297,138200.00000000,55159.12171000,0
1698050700000,0.39950000,0.40120000,0.39950000,0.40110000,336785.80000000,1698051599999,134870.73593000,512,162147.40000000,64933.81312000,0
1698051600000,0.40080000,0.40100000,0.39960000,0.39990000,299738.20000000,1698052499999,119947.01875000,292,122404.70000000,49000.08275000,0
1698052500000,0.39990000,0.40100000,0.39870000,0.39910000,628418.20000000,1698053399999,251329.70458000,507,164334.90000000,65686.15714000,0
1698053400000,0.39920000,0.39940000,0.39540000,0.39550000,661789.70000000,1698054299999,262845.23696000,1021,254184.50000000,100920.56518000,0
1698054300000,0.39550000,0.39680000,0.39200000,0.39680000,682691.30000000,1698055199999,269104.90693000,1029,294359.80000000,116038.36719000,0
1698055200000,0.39680000,0.39860000,0.39630000,0.39820000,348470.60000000,1698056099999,138667.26631000,460,172422.80000000,68603.70422000,0
1698056100000,0.39820000,0.39990000,0.39820000,0.39970000,118086.10000000,1698056999999,47145.94188000,253,62802.50000000,25071.98746000,0
1698057000000,0.39970000,0.40040000,0.39910000,0.40010000,111910.90000000,1698057899999,44746.21904000,211,61734.90000000,24682.23950000,0
1698057900000,0.40030000,0.40030000,0.39860000,0.39870000,111541.50000000,1698058799999,44566.51729000,204,44241.80000000,17677.62639000,0
1698058800000,0.39880000,0.40020000,0.39870000,0.39970000,232940.20000000,1698059699999,93071.80275000,348,142712.70000000,57029.63219000,0
1698059700000,0.39960000,0.40100000,0.39960000,0.40040000,229479.10000000,1698060599999,91881.46163000,297,101710.60000000,40739.60253000,0
1698060600000,0.40040000,0.40090000,0.39970000,0.40000000,381556.20000000,1698061499999,152660.03376000,325,222326.30000000,88947.94018000,0
1698061500000,0.40010000,0.40020000,0.39790000,0.39800000,378769.60000000,1698062399999,151098.39911000,458,170556.20000000,68058.94476000,0
1698062400000,0.39820000,0.39940000,0.39720000,0.39800000,290136.50000000,1698063299999,115587.56962000,610,110352.90000000,43972.54703000,0
1698063300000,0.39810000,0.40000000,0.39810000,0.39930000,240707.70000000,1698064199999,96138.85789000,369,121676.60000000,48587.00799000,0
1698064200000,0.39920000,0.40000000,0.39920000,0.39960000,94752.40000000,1698065099999,37864.85741000,183,47293.70000000,18901.91685000,0
1698065100000,0.39970000,0.40180000,0.39920000,0.40170000,212838.90000000,1698065999999,85208.86991000,420,114888.40000000,45988.78955000,0
1698066000000,0.40160000,0.40160000,0.40000000,0.40050000,192914.70000000,1698066899999,77322.41224000,314,116124.30000000,46544.74299000,0
1698066900000,0.40050000,0.40060000,0.39660000,0.39710000,262386.20000000,1698067799999,104574.39015000,547,120396.20000000,47975.37614000,0
1698067800000,0.39700000,0.39790000,0.39460000,0.39700000,462600.20000000,1698068699999,183195.96165000,805,217573.90000000,86151.03859000,0
1698068700000,0.39700000,0.39820000,0.39660000,0.39770000,195673.00000000,1698069599999,77720.42669000,303,118760.60000000,47174.05557000,0
1698069600000,0.39770000,0.40070000,0.39770000,0.40040000,329850.50000000,1698070499999,131872.37050000,632,201439.80000000,80531.48042000,0
1698070500000,0.40040000,0.40070000,0.39890000,0.39980000,243055.80000000,1698071399999,97167.04299000,418,143654.20000000,57421.86842000,0
1698071400000,0.39990000,0.39990000,0.39720000,0.39870000,327338.90000000,1698072299999,130409.01253000,411,88318.30000000,35199.94692000,0
1698072300000,0.39870000,0.39990000,0.39750000,0.39900000,224429.10000000,1698073199999,89553.86326000,377,142037.80000000,56687.99499000,0
1698073200000,0.39900000,0.40130000,0.39850000,0.40060000,319592.20000000,1698074099999,127786.02675000,586,182964.10000000,73153.05976000,0
1698074100000,0.40030000,0.40120000,0.39900000,0.39980000,635601.10000000,1698074999999,254572.17790000,588,278573.30000000,111555.88867000,0
1698075000000,0.39970000,0.40020000,0.39860000,0.39870000,326895.20000000,1698075899999,130532.86584000,306,169453.80000000,67688.52258000,0
1698075900000,0.39880000,0.40060000,0.39760000,0.39780000,794376.00000000,1698076799999,316425.20906000,618,405681.50000000,161619.57659000,0
1698076800000,0.39780000,0.39980000,0.39760000,0.39840000,336244.30000000,1698077699999,134106.29515000,457,143005.20000000,57029.37743000,0
1698077700000,0.39830000,0.39910000,0.39560000,0.39580000,307741.70000000,1698078599999,122235.13364000,500,111989.60000000,44490.52318000,0
1698078600000,0.39570000,0.39880000,0.39520000,0.39860000,332085.40000000,1698079499999,131828.98492000,542,194844.90000000,77371.50037000,0
1698079500000,0.39870000,0.40260000,0.39770000,0.40200000,951945.80000000,1698080399999,381381.93976000,1323,646468.50000000,258964.25614000,0
1698080400000,0.40200000,0.40680000,0.40010000,0.40510000,1454325.10000000,1698081299999,588162.41613000,2573,998974.60000000,404109.41320000,0
1698081300000,0.40500000,0.40650000,0.40120000,0.40280000,1764773.70000000,1698082199999,714314.52873000,2129,997430.60000000,404087.01507000,0
1698082200000,0.40290000,0.40540000,0.40210000,0.40470000,655138.20000000,1698083099999,264622.35905000,834,397689.10000000,160732.75233000,0
1698083100000,0.40450000,0.40490000,0.40280000,0.40280000,445590.00000000,1698083999999,179994.73504000,377,77152.80000000,31181.69862000,0
1698084000000,0.40290000,0.40480000,0.40290000,0.40450000,226827.90000000,1698084899999,91633.29089000,292,125420.10000000,50651.44358000,0
1698084900000,0.40450000,0.40480000,0.40260000,0.40270000,172144.30000000,1698085799999,69481.60977000,211,52741.90000000,21281.73410000,0
1698085800000,0.40280000,0.40410000,0.40110000,0.40320000,400914.00000000,1698086699999,161375.64669000,614,187671.10000000,75526.89938000,0
1698086700000,0.40300000,0.40600000,0.40200000,0.40570000,778274.40000000,1698087599999,314378.32765000,1136,427401.40000000,172614.50562000,0
1698087600000,0.40590000,0.40820000,0.40550000,0.40770000,417857.60000000,1698088499999,170114.35752000,951,200103.60000000,81460.76637000,0
1698088500000,0.40770000,0.40800000,0.40390000,0.40440000,464520.30000000,1698089399999,188382.25345000,590,245787.30000000,99685.07156000,0
1698089400000,0.40430000,0.40540000,0.40330000,0.40510000,327145.30000000,1698090299999,132334.89336000,417,153188.40000000,61961.69923000,0
1698090300000,0.40510000,0.40620000,0.40470000,0.40580000,264916.60000000,1698091199999,107402.76405000,351,181776.90000000,73692.14101000,0
1698091200000,0.40580000,0.40640000,0.40480000,0.40510000,194523.90000000,1698092099999,78868.71903000,347,102826.80000000,41690.79737000,0
1698092100000,0.40490000,0.40690000,0.40490000,0.40500000,313786.60000000,1698092999999,127353.22140000,407,208582.20000000,84640.75659000,0
1698093000000,0.40510000,0.40790000,0.40510000,0.40620000,200710.40000000,1698093899999,81631.40289000,321,93949.00000000,38204.60927000,0
1698093900000,0.40610000,0.40660000,0.40390000,0.40510000,254776.60000000,1698094799999,103229.02101000,380,125552.50000000,50865.30933000,0
1698094800000,0.40530000,0.40640000,0.40400000,0.40440000,247627.60000000,1698095699999,100272.38265000,289,83997.50000000,34003.20301000,0
1698095700000,0.40430000,0.40570000,0.40360000,0.40550000,165514.50000000,1698096599999,66929.61399000,232,77136.00000000,31190.02753000,0
1698096600000,0.40540000,0.40800000,0.40530000,0.40790000,189735.50000000,1698097499999,77177.01384000,375,90443.20000000,36776.64197000,0
1698097500000,0.40790000,0.40820000,0.40670000,0.40750000,231526.80000000,1698098399999,94348.00192000,266,59862.30000000,24385.58859000,0
1698098400000,0.40760000,0.40970000,0.40670000,0.40960000,209533.70000000,1698099299999,85572.38315000,381,106453.30000000,43484.21294000,0
1698099300000,0.40960000,0.41200000,0.40850000,0.41140000,556893.40000000,1698100199999,228420.86079000,724,324468.30000000,133167.39780000,0
1698100200000,0.41100000,0.42040000,0.41010000,0.41610000,2545584.00000000,1698101099999,1060168.59989000,4493,1331697.90000000,554523.19182000,0
1698101100000,0.41590000,0.41970000,0.41160000,0.41880000,2076450.40000000,1698101999999,864035.62791000,2964,1145310.20000000,476530.76064000,0
1698102000000,0.41900000,0.42000000,0.41120000,0.41500000,1887118.00000000,1698102899999,785157.99156000,2056,842224.40000000,350151.35832000,0
1698102900000,0.41510000,0.41850000,0.41480000,0.41800000,784886.20000000,1698103799999,327234.24919000,1113,417424.30000000,174063.53845000,0
1698103800000,0.41820000,0.42000000,0.41250000,0.41590000,1538460.40000000,1698104699999,640957.44209000,1570,755464.70000000,315104.65184000,0
1698104700000,0.41590000,0.42140000,0.41570000,0.42080000,692574.20000000,1698105599999,290083.83683000,975,329498.50000000,137956.79157000,0
1698105600000,0.42060000,0.42290000,0.41780000,0.41840000,810076.30000000,1698106499999,340251.01864000,1426,344365.40000000,144588.19901000,0
1698106500000,0.41840000,0.42350000,0.41820000,0.42320000,1786243.90000000,1698107399999,751050.45534000,1861,984006.90000000,413874.41344000,0
1698107400000,0.42330000,0.42760000,0.42210000,0.42730000,2498677.10000000,1698108299999,1062011.26734000,3003,1603843.20000000,681715.88242000,0
1698108300000,0.42740000,0.43500000,0.42630000,0.43050000,2043463.70000000,1698109199999,880062.51064000,3025,1035857.20000000,446238.61987000,0
1698109200000,0.43040000,0.43730000,0.43040000,0.43070000,2106320.50000000,1698110099999,914265.17809000,3034,954649.60000000,414833.99586000,0
1698110100000,0.43090000,0.43090000,0.42540000,0.42670000,1077155.40000000,1698110999999,461418.84207000,2095,470432.10000000,201633.86244000,0
1698111000000,0.42660000,0.43060000,0.42360000,0.42880000,4262238.80000000,1698111899999,1825668.26596000,3182,2263619.30000000,969335.81142000,0
1698111900000,0.42870000,0.43250000,0.42810000,0.43180000,986983.00000000,1698112799999,424543.37657000,1548,654590.50000000,281475.95963000,0
1698112800000,0.43180000,0.43390000,0.42970000,0.43060000,1183431.60000000,1698113699999,511330.28203000,1756,439100.10000000,189578.07387000,0
1698113700000,0.43060000,0.43800000,0.43030000,0.43580000,1817010.20000000,1698114599999,789924.64510000,3036,829248.10000000,360538.10505000,0
1698114600000,0.43550000,0.43670000,0.43240000,0.43670000,897104.70000000,1698115499999,389739.22450000,1909,355491.90000000,154474.70714000,0
1698115500000,0.43660000,0.43980000,0.43580000,0.43820000,1808192.60000000,1698116399999,791217.05480000,2653,969903.40000000,424408.62837000,0
1698116400000,0.43820000,0.44240000,0.43600000,0.43830000,2170589.90000000,1698117299999,952306.15022000,2621,1049885.00000000,460498.95240000,0
1698117300000,0.43840000,0.43850000,0.43330000,0.43360000,664513.60000000,1698118199999,289484.51967000,1238,251085.50000000,109370.51231000,0
1698118200000,0.43360000,0.43370000,0.42940000,0.42970000,1197401.30000000,1698119099999,516527.52806000,1508,573020.40000000,247290.70938000,0
1698119100000,0.42970000,0.43070000,0.42110000,0.42220000,1352408.50000000,1698119999999,576840.81354000,2048,559100.10000000,238545.18963000,0
1698120000000,0.42210000,0.42920000,0.42190000,0.42920000,1054452.60000000,1698120899999,449876.05277000,1340,601992.80000000,256726.05622000,0
1698120900000,0.42920000,0.43150000,0.42910000,0.43110000,549936.70000000,1698121799999,236685.58706000,990,247632.20000000,106558.23224000,0
1698121800000,0.43120000,0.43170000,0.42750000,0.42760000,454676.10000000,1698122699999,195546.15288000,795,195781.30000000,84165.82608000,0
1698122700000,0.42760000,0.42960000,0.42590000,0.42930000,1339875.50000000,1698123599999,572402.26360000,1221,663476.70000000,283349.12076000,0
1698123600000,0.42910000,0.43300000,0.42910000,0.43250000,784634.70000000,1698124499999,338685.85183000,1160,546897.20000000,236126.71919000,0
1698124500000,0.43250000,0.43740000,0.43200000,0.43710000,685167.20000000,1698125399999,297570.72859000,1334,335915.50000000,145757.66928000,0
1698125400000,0.43720000,0.43740000,0.43370000,0.43480000,567181.70000000,1698126299999,246831.28845000,961,263980.30000000,114879.14909000,0
1698126300000,0.43480000,0.43560000,0.42760000,0.42940000,1246515.80000000,1698127199999,536944.00294000,2108,659363.70000000,284051.42606000,0
1698127200000,0.42930000,0.43300000,0.42900000,0.43180000,426935.70000000,1698128099999,184192.48205000,851,237580.50000000,102472.47740000,0
1698128100000,0.43190000,0.43210000,0.42120000,0.42260000,1188290.70000000,1698128999999,505333.08748000,2136,508212.60000000,216189.26576000,0
1698129000000,0.42270000,0.42590000,0.42100000,0.42500000,625963.70000000,1698129899999,265200.80395000,1229,320593.50000000,135864.12049000,0
1698129900000,0.42510000,0.42690000,0.42450000,0.42640000,638514.20000000,1698130799999,271711.83713000,815,245869.40000000,104647.42783000,0
1698130800000,0.42650000,0.42680000,0.42360000,0.42500000,320890.70000000,1698131699999,136353.82457000,508,133078.60000000,56545.45039000,0
1698131700000,0.42500000,0.42760000,0.42190000,0.42240000,881454.90000000,1698132599999,374596.00078000,1168,347412.50000000,147786.51445000,0
1698132600000,0.42230000,0.42530000,0.42090000,0.42430000,1037095.30000000,1698133499999,438494.51011000,1296,500346.40000000,211771.13120000,0
1698133500000,0.42430000,0.42540000,0.42320000,0.42530000,596073.00000000,1698134399999,253084.20531000,694,398077.40000000,169038.57138000,0
1698134400000,0.42530000,0.42950000,0.42440000,0.42930000,698131.00000000,1698135299999,298314.02980000,1183,362837.10000000,155068.21064000,0
1698135300000,0.42930000,0.43150000,0.42810000,0.42960000,477090.20000000,1698136199999,204970.63940000,657,160138.80000000,68817.87365000,0
1698136200000,0.42960000,0.43290000,0.42850000,0.43260000,771379.20000000,1698137099999,332274.48549000,1066,378867.10000000,163147.79439000,0
1698137100000,0.43260000,0.43300000,0.43100000,0.43290000,267139.60000000,1698137999999,115428.90390000,560,120859.40000000,52217.32474000,0
1698138000000,0.43300000,0.45680000,0.43120000,0.44570000,10020573.90000000,1698138899999,4455359.19417000,19264,5448020.50000000,2420280.62304000,0
1698138900000,0.44550000,0.45170000,0.44310000,0.44460000,2543594.40000000,1698139799999,1137318.96177000,4387,1259322.20000000,563399.11114000,0
1698139800000,0.44460000,0.44970000,0.44160000,0.44900000,1729324.80000000,1698140699999,770263.20295000,2900,889906.40000000,396552.91238000,0
1698140700000,0.44870000,0.45370000,0.44700000,0.44870000,2884776.10000000,1698141599999,1301005.47009000,4218,1480774.80000000,667678.92084000,0
1698141600000,0.44860000,0.45400000,0.44670000,0.44840000,1287257.90000000,1698142499999,580258.87519000,1904,715709.20000000,322730.16203000,0
1698142500000,0.44840000,0.45770000,0.44830000,0.45480000,2248012.50000000,1698143399999,1019511.32409000,2961,1372204.50000000,622167.47216000,0
1698143400000,0.45470000,0.45750000,0.45220000,0.45470000,1447317.00000000,1698144299999,658462.13633000,2230,723439.70000000,329145.16065000,0
1698144300000,0.45460000,0.45940000,0.45280000,0.45450000,1676285.70000000,1698145199999,764235.96636000,2313,897725.00000000,409346.10584000,0
1698145200000,0.45460000,0.45590000,0.45000000,0.45180000,1070624.20000000,1698146099999,484184.40870000,1838,483991.90000000,218991.00021000,0
1698146100000,0.45180000,0.45310000,0.44640000,0.44710000,1779178.30000000,1698146999999,800758.20634000,2359,732218.70000000,329405.62779000,0
1698147000000,0.44710000,0.44930000,0.44500000,0.44530000,864590.70000000,1698147899999,386213.23578000,1441,374130.50000000,167098.38752000,0
1698147900000,0.44530000,0.45190000,0.44500000,0.45100000,906520.70000000,1698148799999,406498.74253000,1219,551522.20000000,247386.67746000,0
1698148800000,0.45090000,0.45350000,0.44910000,0.45220000,916195.40000000,1698149699999,413351.02601000,1348,472972.60000000,213367.43058000,0
1698149700000,0.45210000,0.45220000,0.44790000,0.44980000,891052.30000000,1698150599999,400815.98105000,1509,367294.00000000,165227.11708000,0
1698150600000,0.44980000,0.45600000,0.44860000,0.45400000,1420970.00000000,1698151499999,643459.57996000,2410,553313.80000000,250511.93704000,0
1698151500000,0.45420000,0.45500000,0.44970000,0.45030000,1377942.30000000,1698152399999,623451.58698000,1938,585408.00000000,264846.26986000,0
1698152400000,0.45040000,0.45050000,0.43880000,0.44300000,2593377.10000000,1698153299999,1151053.22199000,4448,1137891.20000000,505075.44727000,0
1698153300000,0.44300000,0.44570000,0.44060000,0.44260000,1230889.10000000,1698154199999,545667.07905000,1510,607448.50000000,269164.12102000,0
1698154200000,0.44250000,0.44620000,0.44190000,0.44620000,565145.00000000,1698155099999,250879.39798000,916,301556.10000000,133861.25737000,0
1698155100000,0.44620000,0.44620000,0.44110000,0.44230000,862986.40000000,1698155999999,382752.29937000,1396,393251.70000000,174373.10792000,0
1698156000000,0.44240000,0.44420000,0.44010000,0.44050000,564618.00000000,1698156899999,249554.47239000,1349,324952.40000000,143615.05226000,0
1698156900000,0.44050000,0.44130000,0.43510000,0.43840000,1284062.50000000,1698157799999,562187.25689000,1847,639042.50000000,279852.52444000,0
1698157800000,0.43850000,0.43960000,0.43700000,0.43880000,766143.60000000,1698158699999,335944.36878000,836,459583.50000000,201551.01624000,0
1698158700000,0.43880000,0.44210000,0.43880000,0.44100000,439893.70000000,1698159599999,193834.03426000,677,254890.90000000,112277.27241000,0
1698159600000,0.44100000,0.44460000,0.44040000,0.44270000,636509.20000000,1698160499999,282013.77978000,901,324027.20000000,143584.71564000,0
1698160500000,0.44280000,0.44410000,0.42570000,0.42680000,2987751.20000000,1698161399999,1293540.43277000,5930,1340105.10000000,579981.95111000,0
1698161400000,0.42660000,0.42800000,0.41400000,0.41980000,5813714.00000000,1698162299999,2448736.93223000,15283,2925797.60000000,1232682.19091000,0
1698162300000,0.41970000,0.42740000,0.41890000,0.42500000,919157.70000000,1698163199999,390244.61374000,1679,441747.50000000,187549.31390000,0
1698163200000,0.42530000,0.42880000,0.41940000,0.42830000,965368.10000000,1698164099999,410075.89427000,1612,390336.40000000,166016.01701000,0
1698164100000,0.42840000,0.43270000,0.42740000,0.42800000,1149462.80000000,1698164999999,494611.40600000,1463,613156.10000000,263817.32702000,0
1698165000000,0.42810000,0.43420000,0.42810000,0.43150000,1177997.90000000,1698165899999,509153.14375000,1753,588530.00000000,254339.68681000,0
1698165900000,0.43150000,0.43390000,0.43040000,0.43070000,318424.70000000,1698166799999,137500.52048000,554,165290.70000000,71337.10590000,0
1698166800000,0.43080000,0.43370000,0.43030000,0.43160000,415430.30000000,1698167699999,179731.54975000,494,278280.50000000,120443.72276000,0
1698167700000,0.43150000,0.43280000,0.43050000,0.43280000,538235.40000000,1698168599999,232480.09659000,766,178710.60000000,77147.37238000,0
1698168600000,0.43270000,0.43270000,0.43040000,0.43200000,263794.60000000,1698169499999,113916.05375000,391,120617.80000000,52092.16351000,0
1698169500000,0.43210000,0.43340000,0.43110000,0.43140000,257418.80000000,1698170399999,111285.71118000,394,121881.00000000,52697.25962000,0
1698170400000,0.43140000,0.43350000,0.42870000,0.42980000,389601.00000000,1698171299999,167661.11272000,615,181856.00000000,78272.85672000,0
1698171300000,0.42980000,0.43010000,0.42410000,0.42710000,796052.30000000,1698172199999,339677.18024000,1279,340312.30000000,145139.87106000,0
1698172200000,0.42700000,0.43310000,0.42650000,0.43290000,336439.00000000,1698173099999,144573.10773000,712,168017.60000000,72139.97440000,0
1698173100000,0.43300000,0.43570000,0.43270000,0.43430000,368872.80000000,1698173999999,160192.15418000,562,207001.10000000,89903.88645000,0
1698174000000,0.43410000,0.43610000,0.43320000,0.43440000,305741.10000000,1698174899999,132765.47355000,384,92689.20000000,40280.21389000,0
1698174900000,0.43430000,0.43470000,0.43310000,0.43420000,205778.90000000,1698175799999,89279.50647000,257,126293.70000000,54792.90632000,0
1698175800000,0.43440000,0.43580000,0.43370000,0.43410000,207493.70000000,1698176699999,90180.87669000,304,88413.60000000,38426.45544000,0
1698176700000,0.43410000,0.43590000,0.43360000,0.43400000,218909.20000000,1698177599999,95115.84426000,332,116506.90000000,50630.05770000,0
1698177600000,0.43370000,0.43480000,0.43140000,0.43370000,340204.90000000,1698178499999,147374.49643000,471,196791.10000000,85234.92804000,0
1698178500000,0.43360000,0.43640000,0.43320000,0.43430000,452851.60000000,1698179399999,196721.42307000,462,190248.10000000,82680.42302000,0
1698179400000,0.43440000,0.43450000,0.43120000,0.43120000,166628.00000000,1698180299999,72103.94628000,288,72739.60000000,31474.08589000,0
1698180300000,0.43110000,0.43240000,0.42940000,0.43060000,209196.10000000,1698181199999,90135.00029000,400,103436.50000000,44567.21089000,0
1698181200000,0.43070000,0.43110000,0.42710000,0.42950000,617942.30000000,1698182099999,265103.75107000,773,308200.70000000,132254.34634000,0
1698182100000,0.42970000,0.43150000,0.42930000,0.43090000,145301.70000000,1698182999999,62578.01918000,233,87133.60000000,37531.33699000,0
1698183000000,0.43090000,0.43250000,0.42810000,0.42960000,317223.50000000,1698183899999,136493.69766000,449,89663.10000000,38583.92735000,0
1698183900000,0.42950000,0.43720000,0.42820000,0.43590000,333588.90000000,1698184799999,144814.38830000,649,182182.30000000,79055.27153000,0
1698184800000,0.43590000,0.43680000,0.43380000,0.43560000,235533.40000000,1698185699999,102495.75261000,408,124895.00000000,54334.32676000,0
1698185700000,0.43540000,0.44010000,0.43390000,0.43690000,737515.10000000,1698186599999,323030.42109000,717,455084.10000000,199262.54403000,0
1698186600000,0.43690000,0.43790000,0.43240000,0.43620000,679390.10000000,1698187499999,295599.72900000,599,162323.90000000,70750.92259000,0
1698187500000,0.43630000,0.43800000,0.43560000,0.43780000,341079.50000000,1698188399999,149006.71754000,452,216423.00000000,94554.18883000,0
1698188400000,0.43800000,0.43860000,0.43650000,0.43730000,389916.00000000,1698189299999,170621.61118000,471,200215.20000000,87592.48990000,0
1698189300000,0.43720000,0.43720000,0.43370000,0.43370000,415502.60000000,1698190199999,180768.79378000,580,216571.70000000,94220.09582000,0
1698190200000,0.43370000,0.43380000,0.43140000,0.43280000,281382.90000000,1698191099999,121709.77355000,481,139052.80000000,60136.17396000,0
1698191100000,0.43280000,0.43450000,0.43240000,0.43450000,322742.30000000,1698191999999,139805.65346000,410,134679.70000000,58346.14651000,0
1698192000000,0.43420000,0.43590000,0.43100000,0.43100000,425322.10000000,1698192899999,184247.44696000,637,188535.50000000,81669.35086000,0
1698192900000,0.43100000,0.43500000,0.43050000,0.43130000,562804.40000000,1698193799999,243420.05404000,809,297305.30000000,128649.42284000,0
1698193800000,0.43130000,0.43300000,0.42940000,0.43290000,390352.30000000,1698194699999,168368.63836000,636,210539.10000000,90806.84507000,0
1698194700000,0.43300000,0.44060000,0.43280000,0.43880000,585766.00000000,1698195599999,256153.57498000,1019,253941.20000000,111006.04736000,0
1698195600000,0.43860000,0.44140000,0.43810000,0.44100000,556702.10000000,1698196499999,244950.62474000,820,294274.50000000,129496.23949000,0
1698196500000,0.44110000,0.44390000,0.43940000,0.44280000,438582.80000000,1698197399999,193649.80309000,720,229483.30000000,101367.67721000,0
1698197400000,0.44320000,0.44360000,0.44060000,0.44210000,394072.10000000,1698198299999,174139.31588000,560,214069.30000000,94586.42302000,0
1698198300000,0.44200000,0.44200000,0.43940000,0.44010000,305313.20000000,1698199199999,134439.94019000,432,148428.30000000,65353.58473000,0
1698199200000,0.44020000,0.44070000,0.43760000,0.43850000,337959.50000000,1698200099999,148286.50552000,445,141548.50000000,62128.76062000,0
1698200100000,0.43860000,0.43880000,0.43220000,0.43340000,771367.80000000,1698200999999,335773.51986000,1010,321274.40000000,139815.28709000,0
1698201000000,0.43310000,0.43620000,0.43310000,0.43350000,317313.60000000,1698201899999,137919.93804000,474,173140.30000000,75253.66825000,0
1698201900000,0.43340000,0.43580000,0.43330000,0.43470000,198174.00000000,1698202799999,86203.69641000,271,120959.80000000,52609.78916000,0
1698202800000,0.43450000,0.43500000,0.43170000,0.43310000,333776.00000000,1698203699999,144551.52997000,526,124286.90000000,53839.78181000,0
1698203700000,0.43320000,0.43470000,0.43010000,0.43080000,572325.10000000,1698204599999,247427.96413000,624,228477.20000000,98757.22490000,0
1698204600000,0.43090000,0.43270000,0.43040000,0.43250000,257325.60000000,1698205499999,111118.85850000,365,143868.90000000,62115.91390000,0
1698205500000,0.43250000,0.43330000,0.43090000,0.43120000,189891.80000000,1698206399999,81987.61268000,281,112854.20000000,48722.61431000,0
1698206400000,0.43160000,0.43300000,0.43020000,0.43040000,300839.10000000,1698207299999,129759.14065000,362,126123.20000000,54399.53390000,0
1698207300000,0.43030000,0.43300000,0.42890000,0.43300000,375504.70000000,1698208199999,161692.48315000,483,211799.80000000,91237.65445000,0
1698208200000,0.43290000,0.43340000,0.43160000,0.43160000,224601.00000000,1698209099999,97052.53530000,290,112019.00000000,48400.51589000,0
1698209100000,0.43170000,0.43590000,0.43170000,0.43540000,181983.90000000,1698209999999,79024.40961000,344,100127.10000000,43456.12363000,0
1698210000000,0.43540000,0.43670000,0.43350000,0.43650000,456758.40000000,1698210899999,198679.96612000,606,183500.10000000,79874.70975000,0
1698210900000,0.43650000,0.43700000,0.43150000,0.43220000,968487.30000000,1698211799999,419748.93443000,1246,232613.30000000,100851.10381000,0
1698211800000,0.43230000,0.43250000,0.42870000,0.42900000,579636.50000000,1698212699999,249673.69491000,867,122841.50000000,52926.24813000,0
1698212700000,0.42930000,0.43220000,0.42870000,0.43190000,601317.50000000,1698213599999,259100.70540000,527,257061.10000000,110690.06241000,0
1698213600000,0.43210000,0.43640000,0.43180000,0.43600000,350722.10000000,1698214499999,152145.12713000,550,163269.40000000,70793.89785000,0
1698214500000,0.43600000,0.43780000,0.43500000,0.43670000,385036.40000000,1698215399999,168154.21641000,546,179800.90000000,78521.06882000,0
1698215400000,0.43660000,0.43910000,0.43610000,0.43800000,525086.20000000,1698216299999,230004.52515000,649,268674.20000000,117672.63232000,0
1698216300000,0.43800000,0.43870000,0.43660000,0.43740000,304889.60000000,1698217199999,133368.17428000,455,134244.80000000,58706.80154000,0
1698217200000,0.43750000,0.43850000,0.43610000,0.43640000,512382.10000000,1698218099999,224018.83911000,752,283561.30000000,123985.65596000,0
1698218100000,0.43650000,0.43670000,0.42700000,0.42720000,819411.10000000,1698218999999,353198.69903000,1220,322799.60000000,139206.21307000,0
1698219000000,0.42740000,0.42970000,0.42410000,0.42510000,1349530.20000000,1698219899999,576469.68905000,1358,594492.70000000,253994.29024000,0
1698219900000,0.42520000,0.42580000,0.41960000,0.42450000,1192515.70000000,1698220799999,504136.16992000,1923,578882.70000000,244758.34340000,0
1698220800000,0.42470000,0.42620000,0.42190000,0.42260000,866906.30000000,1698221699999,366845.27795000,925,278943.00000000,118127.80670000,0
1698221700000,0.42250000,0.42800000,0.42210000,0.42780000,552558.80000000,1698222599999,235437.29203000,662,327899.60000000,139747.29930000,0
1698222600000,0.42780000,0.43060000,0.42760000,0.42960000,308488.60000000,1698223499999,132403.77862000,490,160664.30000000,68981.78543000,0
1698223500000,0.42960000,0.43000000,0.42790000,0.42940000,392438.40000000,1698224399999,168346.14174000,483,206342.40000000,88525.79300000,0
1698224400000,0.42950000,0.43260000,0.42820000,0.43240000,400402.10000000,1698225299999,172526.89661000,571,161509.40000000,69553.21996000,0
1698225300000,0.43220000,0.43470000,0.43210000,0.43440000,317542.30000000,1698226199999,137503.13223000,538,127121.10000000,55064.70832000,0
1698226200000,0.43440000,0.43810000,0.43290000,0.43500000,2066981.80000000,1698227099999,901373.68474000,1370,1259485.90000000,549169.72663000,0
1698227100000,0.43490000,0.43490000,0.43330000,0.43360000,368241.60000000,1698227999999,159874.13425000,424,132294.50000000,57427.87952000,0
1698228000000,0.43350000,0.43400000,0.43200000,0.43280000,353791.40000000,1698228899999,153169.05530000,438,143183.60000000,61996.11991000,0
1698228900000,0.43270000,0.43490000,0.43250000,0.43440000,174372.40000000,1698229799999,75636.73042000,303,97439.90000000,42264.52078000,0
1698229800000,0.43450000,0.43540000,0.43340000,0.43520000,346852.50000000,1698230699999,150674.84337000,403,190096.50000000,82599.35811000,0
1698230700000,0.43510000,0.43530000,0.43310000,0.43390000,386308.10000000,1698231599999,167763.98480000,333,185923.00000000,80714.11483000,0
1698231600000,0.43380000,0.43510000,0.43310000,0.43500000,530788.90000000,1698232499999,230456.27974000,535,215828.10000000,93783.16160000,0
1698232500000,0.43510000,0.43620000,0.43290000,0.43320000,537160.60000000,1698233399999,233248.27132000,771,265583.80000000,115322.69403000,0
1698233400000,0.43320000,0.43330000,0.43100000,0.43100000,350033.70000000,1698234299999,151200.41189000,482,142299.50000000,61478.56296000,0
1698234300000,0.43110000,0.43130000,0.43000000,0.43080000,414638.10000000,1698235199999,178558.40078000,578,165311.60000000,71197.59031000,0
1698235200000,0.43070000,0.43410000,0.43060000,0.43410000,330907.20000000,1698236099999,143011.32087000,483,172257.60000000,74427.78757000,0
1698236100000,0.43410000,0.43880000,0.43300000,0.43660000,1052034.00000000,1698236999999,458513.76496000,1539,453099.00000000,197575.87096000,0
1698237000000,0.43640000,0.43740000,0.43390000,0.43510000,406990.60000000,1698237899999,177208.92262000,647,199678.10000000,86935.99984000,0
1698237900000,0.43510000,0.43790000,0.43420000,0.43760000,372742.30000000,1698238799999,162418.61234000,481,140793.80000000,61411.59691000,0
1698238800000,0.43760000,0.44090000,0.43650000,0.44070000,762074.80000000,1698239699999,334327.02255000,1406,437196.50000000,191781.93763000,0
1698239700000,0.44050000,0.44090000,0.43700000,0.43730000,857563.00000000,1698240599999,376733.05602000,1042,371907.00000000,163395.31279000,0
1698240600000,0.43730000,0.43810000,0.43030000,0.43160000,1629698.30000000,1698241499999,706261.75002000,1974,755180.20000000,327187.67776000,0
1698241500000,0.43150000,0.43520000,0.43120000,0.43520000,456783.10000000,1698242399999,198027.67643000,538,203571.00000000,88227.11875000,0
1698242400000,0.43510000,0.43700000,0.43350000,0.43640000,529052.00000000,1698243299999,230147.31245000,692,235009.80000000,102284.84383000,0
1698243300000,0.43640000,0.44050000,0.43510000,0.43910000,573602.30000000,1698244199999,251587.21747000,1004,303713.70000000,133257.68455000,0
1698244200000,0.43900000,0.44640000,0.43810000,0.44460000,1711493.80000000,1698245099999,757105.81006000,2058,889562.70000000,393398.91876000,0
1698245100000,0.44460000,0.44730000,0.44430000,0.44530000,769470.30000000,1698245999999,342990.96910000,1048,403042.70000000,179635.88806000,0
1698246000000,0.44520000,0.44760000,0.44300000,0.44400000,1092782.30000000,1698246899999,486502.82266000,1574,520886.40000000,231809.44119000,0
1698246900000,0.44400000,0.44700000,0.44230000,0.44570000,1617699.70000000,1698247799999,720316.19199000,1450,1052756.50000000,468839.42483000,0
1698247800000,0.44590000,0.44840000,0.44540000,0.44760000,1541806.20000000,1698248699999,688378.94342000,2293,842887.80000000,376355.67424000,0
1698248700000,0.44760000,0.44960000,0.44690000,0.44930000,1010677.40000000,1698249599999,452938.57411000,1289,480928.90000000,215566.14795000,0
1698249600000,0.44940000,0.45050000,0.44550000,0.44770000,1401527.30000000,1698250499999,627865.72333000,1933,792440.50000000,354980.63964000,0
1698250500000,0.44770000,0.44960000,0.42550000,0.42710000,3235039.90000000,1698251399999,1414985.91242000,5805,1390088.80000000,608852.16677000,0
1698251400000,0.42720000,0.43380000,0.42620000,0.43090000,2021443.20000000,1698252299999,870824.51214000,2988,933421.50000000,401837.36091000,0
1698252300000,0.43090000,0.43150000,0.42410000,0.42450000,2653597.60000000,1698253199999,1136731.36970000,2913,1162426.60000000,498008.72204000,0
1698253200000,0.42420000,0.43040000,0.42330000,0.43010000,966554.30000000,1698254099999,412537.12086000,1466,482236.10000000,205844.62587000,0
1698254100000,0.42990000,0.43180000,0.42870000,0.43140000,513986.20000000,1698254999999,221192.25898000,760,264705.70000000,113953.03129000,0
1698255000000,0.43150000,0.43300000,0.42850000,0.42980000,561780.50000000,1698255899999,242150.91986000,792,190779.40000000,82184.16912000,0
1698255900000,0.42960000,0.43190000,0.42960000,0.43050000,397390.40000000,1698256799999,171198.95996000,491,207124.60000000,89257.92183000,0
1698256800000,0.43050000,0.43320000,0.42630000,0.42920000,1828262.60000000,1698257699999,785843.40040000,1296,790155.50000000,339351.16858000,0
1698257700000,0.42910000,0.42950000,0.42690000,0.42730000,1357622.00000000,1698258599999,581313.88782000,1417,632769.70000000,270877.14439000,0
1698258600000,0.42710000,0.43000000,0.42640000,0.42970000,394303.50000000,1698259499999,168769.90537000,603,189477.50000000,81102.63614000,0
1698259500000,0.42960000,0.43230000,0.42880000,0.43220000,271419.40000000,1698260399999,116877.71604000,543,138747.90000000,59724.55487000,0
1698260400000,0.43220000,0.43470000,0.43200000,0.43390000,950410.00000000,1698261299999,412393.68960000,904,414620.00000000,179870.65122000,0
1698261300000,0.43370000,0.43400000,0.43210000,0.43320000,142117.80000000,1698262199999,61510.15230000,287,73473.30000000,31802.44045000,0
1698262200000,0.43340000,0.43490000,0.43290000,0.43290000,161628.40000000,1698263099999,70156.43803000,299,78855.70000000,34243.31070000,0
1698263100000,0.43280000,0.43460000,0.43260000,0.43360000,353134.70000000,1698263999999,153073.27929000,371,136456.70000000,59141.06169000,0
1698264000000,0.43370000,0.43530000,0.43280000,0.43480000,304783.90000000,1698264899999,132416.03556000,458,169143.80000000,73510.19790000,0
1698264900000,0.43470000,0.43490000,0.43290000,0.43300000,178552.50000000,1698265799999,77485.08027000,342,75082.80000000,32575.35698000,0
1698265800000,0.43290000,0.43400000,0.43210000,0.43390000,136719.30000000,1698266699999,59200.11621000,311,67020.40000000,29019.45550000,0
1698266700000,0.43390000,0.43390000,0.43020000,0.43060000,212781.50000000,1698267599999,91811.93491000,395,97511.20000000,42104.23355000,0
1698267600000,0.43060000,0.43250000,0.42940000,0.43140000,249248.50000000,1698268499999,107382.34818000,360,90566.10000000,39040.86936000,0
1698268500000,0.43130000,0.43420000,0.43100000,0.43400000,147476.70000000,1698269399999,63883.05036000,299,85349.10000000,36965.91098000,0
1698269400000,0.43390000,0.43390000,0.42820000,0.42990000,560823.60000000,1698270299999,241542.23990000,827,280896.70000000,121051.68420000,0
1698270300000,0.43000000,0.43370000,0.43000000,0.43370000,108390.20000000,1698271199999,46782.72505000,197,74587.80000000,32181.70232000,0
1698271200000,0.43370000,0.43590000,0.43300000,0.43590000,401569.90000000,1698272099999,174315.97829000,425,136590.80000000,59317.43803000,0
1698272100000,0.43600000,0.43800000,0.43520000,0.43720000,514406.90000000,1698272999999,224625.13863000,696,351520.10000000,153497.37736000,0
1698273000000,0.43730000,0.43950000,0.43650000,0.43940000,530414.90000000,1698273899999,232357.17294000,624,315622.50000000,138251.78087000,0
1698273900000,0.43940000,0.44000000,0.43290000,0.43510000,1146090.60000000,1698274799999,498923.70316000,1335,600887.20000000,261516.31531000,0
1698274800000,0.43500000,0.43560000,0.43100000,0.43400000,745506.30000000,1698275699999,323248.55032000,1128,396786.60000000,172062.04399000,0
1698275700000,0.43420000,0.43670000,0.43400000,0.43640000,318358.70000000,1698276599999,138831.76009000,479,214194.80000000,93418.37727000,0
1698276600000,0.43640000,0.43700000,0.43440000,0.43640000,199133.00000000,1698277499999,86792.49228000,325,68011.10000000,29644.25105000,0
1698277500000,0.43640000,0.43710000,0.43500000,0.43690000,173825.90000000,1698278399999,75784.37104000,254,96766.90000000,42194.16062000,0
1698278400000,0.43700000,0.43760000,0.43420000,0.43660000,519487.50000000,1698279299999,226468.05031000,942,230013.00000000,100280.53505000,0
1698279300000,0.43640000,0.43940000,0.43570000,0.43900000,416845.90000000,1698280199999,182377.84153000,646,210576.60000000,92114.31733000,0
1698280200000,0.43910000,0.43970000,0.43690000,0.43730000,290549.90000000,1698281099999,127258.62150000,425,134287.30000000,58836.60748000,0
1698281100000,0.43730000,0.43780000,0.43340000,0.43730000,635268.20000000,1698281999999,276626.19075000,1036,294573.00000000,128249.61418000,0
1698282000000,0.43700000,0.43830000,0.43460000,0.43470000,407605.10000000,1698282899999,177737.20035000,628,193668.20000000,84476.84472000,0
1698282900000,0.43480000,0.43720000,0.43480000,0.43680000,272578.90000000,1698283799999,118848.23628000,457,130986.00000000,57093.07860000,0
1698283800000,0.43680000,0.43760000,0.43310000,0.43310000,280331.70000000,1698284699999,122205.19751000,481,121962.30000000,53175.66297000,0
1698284700000,0.43310000,0.43460000,0.43210000,0.43350000,456194.70000000,1698285599999,197798.43019000,728,215407.00000000,93404.15197000,0
1698285600000,0.43340000,0.43430000,0.43220000,0.43250000,330628.80000000,1698286499999,143196.32503000,583,169412.70000000,73359.43578000,0
1698286500000,0.43240000,0.43340000,0.43150000,0.43210000,246366.20000000,1698287399999,106506.24698000,390,125613.50000000,54302.61596000,0
1698287400000,0.43210000,0.43600000,0.43210000,0.43580000,356091.10000000,1698288299999,154733.31385000,525,187623.60000000,81533.37240000,0
1698288300000,0.43580000,0.43590000,0.43460000,0.43500000,295615.20000000,1698289199999,128719.99492000,257,112573.80000000,49004.75290000,0
1698289200000,0.43520000,0.43670000,0.43470000,0.43580000,254720.10000000,1698290099999,111054.26695000,431,99582.80000000,43423.67412000,0
1698290100000,0.43570000,0.44080000,0.43560000,0.44050000,603662.10000000,1698290999999,264939.82738000,998,308149.30000000,135279.99511000,0
1698291000000,0.44040000,0.44600000,0.44020000,0.44400000,1601639.30000000,1698291899999,710481.65848000,1654,817044.00000000,362276.95881000,0
1698291900000,0.44410000,0.44690000,0.44270000,0.44590000,744327.40000000,1698292799999,331465.85863000,1120,434852.90000000,193711.52624000,0
1698292800000,0.44590000,0.44740000,0.44180000,0.44210000,919252.60000000,1698293699999,408328.65278000,1013,338621.30000000,150624.85612000,0
1698293700000,0.44200000,0.44290000,0.44030000,0.44090000,539083.90000000,1698294599999,238102.50253000,855,229852.50000000,101559.62510000,0
1698294600000,0.44110000,0.44160000,0.43860000,0.44030000,643982.60000000,1698295499999,283536.77038000,936,356772.20000000,157157.01164000,0
1698295500000,0.44040000,0.44290000,0.43950000,0.44250000,351249.20000000,1698296399999,154923.52624000,591,183301.90000000,80859.61799000,0
1698296400000,0.44210000,0.44280000,0.44050000,0.44230000,422335.90000000,1698297299999,186415.79544000,569,176600.70000000,77932.59736000,0
1698297300000,0.44220000,0.44250000,0.43900000,0.43920000,590682.60000000,1698298199999,260229.97545000,788,249878.90000000,110029.16220000,0
1698298200000,0.43920000,0.44190000,0.43860000,0.43970000,467358.50000000,1698299099999,205634.90567000,710,256719.50000000,112970.70050000,0
1698299100000,0.43970000,0.43980000,0.43560000,0.43640000,838998.20000000,1698299999999,367043.19568000,1299,303664.80000000,132809.21905000,0
1698300000000,0.43640000,0.43720000,0.43340000,0.43590000,609103.50000000,1698300899999,264819.42036000,1112,278479.90000000,121069.19401000,0
1698300900000,0.43580000,0.43890000,0.43520000,0.43770000,337638.10000000,1698301799999,147717.64769000,620,200496.10000000,87716.31283000,0
1698301800000,0.43770000,0.44010000,0.43730000,0.44010000,382453.30000000,1698302699999,167929.48903000,646,165483.60000000,72653.57156000,0
1698302700000,0.44010000,0.44290000,0.43930000,0.44220000,499305.30000000,1698303599999,220563.45219000,858,209395.60000000,92476.74327000,0
1698303600000,0.44220000,0.44710000,0.44090000,0.44700000,822228.90000000,1698304499999,364887.21479000,1246,529497.20000000,234967.69884000,0
1698304500000,0.44710000,0.45300000,0.44630000,0.45240000,1994727.40000000,1698305399999,898916.50758000,2472,858824.60000000,386919.10417000,0
1698305400000,0.45250000,0.45450000,0.44910000,0.45070000,1734983.50000000,1698306299999,783870.47613000,2494,711213.00000000,321417.62796000,0
1698306300000,0.45060000,0.45880000,0.44880000,0.45670000,2581498.90000000,1698307199999,1171159.50725000,3620,1442399.90000000,654643.61171000,0
1698307200000,0.45670000,0.46350000,0.45150000,0.45320000,2292296.00000000,1698308099999,1049963.15481000,3731,995126.00000000,456092.73187000,0
1698308100000,0.45330000,0.45630000,0.45060000,0.45170000,1212525.00000000,1698308999999,549238.05192000,2008,581879.30000000,263637.12296000,0
1698309000000,0.45180000,0.45520000,0.45080000,0.45490000,488651.30000000,1698309899999,221576.73628000,909,248609.20000000,112753.16396000,0
1698309900000,0.45490000,0.45980000,0.45450000,0.45650000,957072.10000000,1698310799999,437334.74012000,1596,507983.70000000,232161.70279000,0
1698310800000,0.45650000,0.45710000,0.45270000,0.45410000,820904.50000000,1698311699999,373766.18506000,1228,360405.70000000,164089.71766000,0
1698311700000,0.45400000,0.45400000,0.44560000,0.44700000,1329633.50000000,1698312599999,598404.70021000,2185,590790.00000000,265940.79851000,0
1698312600000,0.44710000,0.45100000,0.44630000,0.45090000,474138.20000000,1698313499999,212899.82674000,748,260157.40000000,116839.29994000,0
1698313500000,0.45080000,0.45260000,0.45010000,0.45070000,370434.70000000,1698314399999,167099.72077000,594,181624.50000000,81933.06496000,0
1698314400000,0.45090000,0.45190000,0.44510000,0.44920000,981869.20000000,1698315299999,440812.46039000,1514,455055.50000000,204227.08847000,0
1698315300000,0.44920000,0.45200000,0.44740000,0.44900000,651502.10000000,1698316199999,293253.19716000,1096,309109.10000000,139240.68507000,0
1698316200000,0.44900000,0.45050000,0.44510000,0.44520000,560496.80000000,1698317099999,250678.10265000,947,247997.20000000,110952.16073000,0
1698317100000,0.44550000,0.44680000,0.44100000,0.44670000,1117276.60000000,1698317999999,496362.87585000,1791,493474.70000000,219332.80234000,0
1698318000000,0.44670000,0.44900000,0.44530000,0.44900000,354297.80000000,1698318899999,158492.15769000,660,157474.70000000,70464.13888000,0
1698318900000,0.44900000,0.44950000,0.44560000,0.44590000,534426.10000000,1698319799999,239120.78332000,747,268504.40000000,120131.65138000,0
1698319800000,0.44590000,0.44600000,0.43550000,0.43980000,1746260.70000000,1698320699999,768114.79677000,2619,646783.10000000,284724.74461000,0
1698320700000,0.43990000,0.44300000,0.43700000,0.44230000,951158.20000000,1698321599999,418392.22751000,1590,488274.20000000,214770.15874000,0
1698321600000,0.44190000,0.44590000,0.44190000,0.44520000,563408.20000000,1698322499999,250237.68593000,925,261392.30000000,116066.80009000,0
1698322500000,0.44510000,0.44540000,0.44250000,0.44360000,451647.00000000,1698323399999,200369.30117000,760,228331.10000000,101299.99615000,0
1698323400000,0.44360000,0.44700000,0.44270000,0.44700000,519127.90000000,1698324299999,231093.83312000,835,233816.50000000,104060.93704000,0
1698324300000,0.44690000,0.44800000,0.44520000,0.44750000,330899.50000000,1698325199999,147908.01315000,560,189706.30000000,84809.65951000,0
1698325200000,0.44750000,0.44860000,0.44670000,0.44700000,258084.80000000,1698326099999,115551.55528000,373,147693.10000000,66134.41534000,0
1698326100000,0.44690000,0.44800000,0.44300000,0.44370000,417044.80000000,1698326999999,185473.34582000,743,205083.10000000,91219.32211000,0
1698327000000,0.44360000,0.44560000,0.44040000,0.44250000,469260.90000000,1698327899999,207839.95302000,825,211720.60000000,93801.01671000,0
1698327900000,0.44260000,0.44320000,0.43660000,0.43700000,796279.10000000,1698328799999,349838.11172000,1225,387790.50000000,170355.98328000,0
1698328800000,0.43700000,0.44080000,0.43650000,0.44050000,536387.30000000,1698329699999,235479.18359000,929,270788.70000000,118871.15462000,0
1698329700000,0.44050000,0.44080000,0.43170000,0.43540000,1379826.70000000,1698330599999,601353.62276000,1826,511241.40000000,222571.20100000,0
1698330600000,0.43550000,0.43580000,0.41670000,0.42650000,4018444.60000000,1698331499999,1709558.15124000,7501,1927791.50000000,820144.98479000,0
1698331500000,0.42640000,0.43090000,0.42550000,0.43090000,783073.60000000,1698332399999,335679.88361000,1456,445685.90000000,191038.68849000,0
1698332400000,0.43090000,0.43180000,0.42680000,0.42740000,518777.00000000,1698333299999,222393.42375000,851,247816.50000000,106187.13859000,0
1698333300000,0.42740000,0.42770000,0.42110000,0.42240000,1337271.90000000,1698334199999,566168.46335000,1849,656548.90000000,277983.97552000,0
1698334200000,0.42230000,0.42560000,0.42000000,0.42280000,747342.40000000,1698335099999,316418.19239000,1099,407796.40000000,172665.68071000,0
1698335100000,0.42280000,0.42770000,0.42110000,0.42690000,715897.50000000,1698335999999,303994.26256000,856,294390.20000000,125242.03433000,0
1698336000000,0.42680000,0.42800000,0.42410000,0.42440000,628334.30000000,1698336899999,267570.62001000,782,292950.40000000,124734.64334000,0
1698336900000,0.42450000,0.42760000,0.42350000,0.42690000,439677.50000000,1698337799999,187053.91133000,712,229991.00000000,97874.06069000,0
1698337800000,0.42690000,0.42820000,0.42180000,0.42200000,2662506.60000000,1698338699999,1129476.76307000,2050,1153881.20000000,489259.00520000,0
1698338700000,0.42200000,0.42290000,0.41960000,0.42100000,964457.50000000,1698339599999,406255.78968000,1218,486472.60000000,205041.08822000,0
1698339600000,0.42070000,0.42590000,0.42040000,0.42440000,441956.50000000,1698340499999,187353.63888000,746,235346.70000000,99818.40555000,0
1698340500000,0.42450000,0.42540000,0.42300000,0.42460000,273034.80000000,1698341399999,115814.86487000,492,140609.00000000,59636.01310000,0
1698341400000,0.42460000,0.42530000,0.42290000,0.42510000,247382.70000000,1698342299999,104905.48360000,346,118179.50000000,50110.23548000,0
1698342300000,0.42500000,0.42800000,0.42500000,0.42750000,270925.30000000,1698343199999,115538.16014000,436,158587.10000000,67634.92927000,0
1698343200000,0.42730000,0.42830000,0.42700000,0.42790000,231716.40000000,1698344099999,99128.78589000,338,115998.80000000,49626.03037000,0
1698344100000,0.42790000,0.42800000,0.42530000,0.42600000,234503.90000000,1698344999999,100002.66710000,384,90401.40000000,38555.71171000,0
1698345000000,0.42590000,0.42730000,0.42550000,0.42680000,161166.40000000,1698345899999,68763.99098000,279,84919.20000000,36228.22940000,0
1698345900000,0.42690000,0.42720000,0.42610000,0.42620000,145564.70000000,1698346799999,62094.71652000,216,70139.60000000,29920.62383000,0
1698346800000,0.42630000,0.42820000,0.42570000,0.42770000,393641.30000000,1698347699999,168182.22768000,384,152332.10000000,65063.57806000,0
1698347700000,0.42770000,0.42910000,0.42770000,0.42850000,185593.90000000,1698348599999,79528.66392000,327,113497.80000000,48643.11433000,0
1698348600000,0.42850000,0.43000000,0.42690000,0.42990000,211542.00000000,1698349499999,90639.00698000,419,138261.40000000,59243.39597000,0
1698349500000,0.42990000,0.43290000,0.42960000,0.43080000,756627.00000000,1698350399999,326546.06037000,1307,406440.00000000,175405.13092000,0
1698350400000,0.43080000,0.43350000,0.42990000,0.43320000,360243.60000000,1698351299999,155749.77276000,681,211561.60000000,91519.26930000,0
1698351300000,0.43320000,0.43760000,0.43230000,0.43630000,2487097.80000000,1698352199999,1081695.50556000,1718,1545022.10000000,671651.76496000,0
1698352200000,0.43630000,0.43900000,0.43610000,0.43880000,349452.10000000,1698353099999,152698.54067000,490,158330.50000000,69205.65726000,0
1698353100000,0.43870000,0.44220000,0.43840000,0.44110000,675172.90000000,1698353999999,297303.49370000,826,410840.10000000,180874.32732000,0
1698354000000,0.44100000,0.44330000,0.43960000,0.44280000,387152.10000000,1698354899999,170937.93867000,589,177329.50000000,78277.91314000,0
1698354900000,0.44260000,0.44290000,0.44010000,0.44130000,772862.80000000,1698355799999,341197.04398000,725,324888.80000000,143470.30803000,0
1698355800000,0.44120000,0.44120000,0.43730000,0.43790000,530776.70000000,1698356699999,232636.04634000,563,231209.10000000,101310.34843000,0
1698356700000,0.43790000,0.43940000,0.43780000,0.43910000,91812.30000000,1698357599999,40285.80344000,118,44905.10000000,19703.40965000,0
1698357600000,0.43910000,0.44080000,0.43900000,0.44060000,238445.90000000,1698358499999,104882.53092000,304,121321.40000000,53364.94857000,0
1698358500000,0.44070000,0.44090000,0.43830000,0.43980000,114597.20000000,1698359399999,50377.71159000,240,60737.40000000,26695.45889000,0
1698359400000,0.43980000,0.44030000,0.43850000,0.43990000,206868.60000000,1698360299999,90869.15251000,287,96858.50000000,42543.56752000,0
1698360300000,0.43980000,0.44200000,0.43950000,0.44060000,441839.50000000,1698361199999,194801.40519000,541,316991.80000000,139805.17114000,0
1698361200000,0.44060000,0.44440000,0.44020000,0.44360000,533615.30000000,1698362099999,235984.05554000,647,283874.20000000,125575.73173000,0
1698362100000,0.44370000,0.44370000,0.44100000,0.44170000,324241.40000000,1698362999999,143445.12820000,430,138984.80000000,61498.00227000,0
1698363000000,0.44180000,0.44180000,0.43810000,0.43950000,234737.60000000,1698363899999,103275.40710000,406,104905.60000000,46142.05203000,0
1698363900000,0.43960000,0.44080000,0.43890000,0.44010000,196468.00000000,1698364799999,86418.18333000,324,97957.50000000,43081.00202000,0
1698364800000,0.44000000,0.44940000,0.43760000,0.44860000,2048502.20000000,1698365699999,912691.73227000,3650,1167713.00000000,520068.45176000,0
1698365700000,0.44900000,0.45220000,0.44560000,0.45190000,1228344.00000000,1698366599999,551728.57879000,2370,682324.00000000,306483.40571000,0
1698366600000,0.45150000,0.45220000,0.44580000,0.44980000,1460752.80000000,1698367499999,656480.34042000,2672,753656.60000000,338724.07156000,0
1698367500000,0.45000000,0.45180000,0.44500000,0.44630000,909093.70000000,1698368399999,407428.07530000,1578,447629.30000000,200628.79750000,0
1698368400000,0.44640000,0.44760000,0.43210000,0.44090000,2079066.10000000,1698369299999,912603.99436000,3773,962207.00000000,422562.15459000,0
1698369300000,0.44080000,0.44220000,0.43760000,0.43860000,1390094.50000000,1698370199999,612180.25551000,2125,837544.80000000,369054.04324000,0
1698370200000,0.43860000,0.44030000,0.43660000,0.43900000,434099.10000000,1698371099999,190315.17334000,820,220572.00000000,96711.60156000,0
1698371100000,0.43900000,0.44000000,0.43070000,0.43160000,1454069.30000000,1698371999999,631132.99252000,2185,666705.60000000,289319.76663000,0
1698372000000,0.43170000,0.43750000,0.42940000,0.43680000,865990.10000000,1698372899999,374883.97383000,1552,468461.60000000,202991.14082000,0
1698372900000,0.43670000,0.43940000,0.43600000,0.43900000,666998.00000000,1698373799999,292148.05766000,823,257061.70000000,112582.18701000,0
1698373800000,0.43910000,0.44330000,0.43910000,0.44120000,799925.60000000,1698374699999,353211.08035000,1309,436195.50000000,192600.35458000,0
1698374700000,0.44100000,0.44240000,0.43910000,0.43920000,479723.30000000,1698375599999,211370.44107000,793,211157.30000000,93035.75024000,0
1698375600000,0.43930000,0.44000000,0.43530000,0.43720000,600403.00000000,1698376499999,262577.17864000,945,261182.00000000,114318.75754000,0
1698376500000,0.43730000,0.43990000,0.43630000,0.43640000,279193.60000000,1698377399999,122381.00031000,511,138937.90000000,60928.12440000,0
1698377400000,0.43630000,0.43850000,0.43550000,0.43680000,343406.50000000,1698378299999,150088.11641000,527,225493.80000000,98565.07688000,0
1698378300000,0.43680000,0.43740000,0.43510000,0.43660000,311767.60000000,1698379199999,136114.40194000,431,168327.90000000,73505.83005000,0
1698379200000,0.43660000,0.44100000,0.43590000,0.43930000,413250.40000000,1698380099999,181469.30408000,716,230889.80000000,101393.03677000,0
1698380100000,0.43930000,0.44040000,0.43480000,0.43680000,825207.00000000,1698380999999,360275.98158000,1332,405500.70000000,177078.02314000,0
1698381000000,0.43690000,0.43770000,0.43540000,0.43720000,376472.80000000,1698381899999,164428.45909000,622,179663.00000000,78480.15041000,0
1698381900000,0.43730000,0.44000000,0.43730000,0.43880000,406964.40000000,1698382799999,178675.12768000,667,231038.70000000,101425.27164000,0
1698382800000,0.43870000,0.43890000,0.43650000,0.43800000,217217.10000000,1698383699999,95073.04991000,402,116223.10000000,50861.74623000,0
1698383700000,0.43800000,0.43800000,0.43330000,0.43350000,372549.80000000,1698384599999,161997.24440000,717,144080.40000000,62651.38521000,0
1698384600000,0.43360000,0.43720000,0.43350000,0.43720000,310994.90000000,1698385499999,135418.19208000,549,167845.50000000,73071.87108000,0
1698385500000,0.43710000,0.43710000,0.43490000,0.43690000,253033.80000000,1698386399999,110348.04852000,456,112136.70000000,48894.03272000,0
1698386400000,0.43700000,0.43950000,0.43650000,0.43910000,277815.10000000,1698387299999,121666.27243000,513,137509.20000000,60223.84758000,0
1698387300000,0.43920000,0.43940000,0.43760000,0.43860000,201020.70000000,1698388199999,88135.33092000,320,95482.90000000,41863.06924000,0
1698388200000,0.43850000,0.43950000,0.43730000,0.43740000,165563.80000000,1698389099999,72600.62479000,314,77831.30000000,34122.40528000,0
1698389100000,0.43750000,0.44320000,0.43750000,0.44250000,469684.90000000,1698389999999,206820.43343000,899,221178.70000000,97461.09321000,0
1698390000000,0.44250000,0.44290000,0.44010000,0.44040000,503757.20000000,1698390899999,222447.28960000,898,259213.70000000,114472.04862000,0
1698390900000,0.44040000,0.44170000,0.43390000,0.43750000,781593.50000000,1698391799999,342484.26655000,1667,317536.60000000,139079.11836000,0
1698391800000,0.43740000,0.43830000,0.43610000,0.43650000,199325.00000000,1698392699999,87219.76225000,409,104322.50000000,45653.14727000,0
1698392700000,0.43660000,0.43670000,0.43480000,0.43520000,287977.70000000,1698393599999,125477.03039000,529,129732.50000000,56526.89050000,0
1698393600000,0.43510000,0.43650000,0.43420000,0.43580000,331422.00000000,1698394499999,144281.01060000,479,129689.60000000,56466.53973000,0
1698394500000,0.43570000,0.43760000,0.43560000,0.43660000,240109.80000000,1698395399999,104790.99861000,379,123067.40000000,53697.59844000,0
1698395400000,0.43650000,0.43890000,0.43640000,0.43890000,434649.40000000,1698396299999,190459.47704000,506,205179.80000000,89917.81179000,0
1698396300000,0.43890000,0.43970000,0.43790000,0.43820000,281742.50000000,1698397199999,123645.63287000,355,121780.50000000,53433.06984000,0
1698397200000,0.43840000,0.44110000,0.43820000,0.44060000,333238.60000000,1698398099999,146586.09917000,479,175824.50000000,77335.47720000,0
1698398100000,0.44070000,0.44210000,0.44060000,0.44140000,250974.90000000,1698398999999,110756.92702000,339,128603.60000000,56748.41055000,0
1698399000000,0.44140000,0.44190000,0.43980000,0.44050000,364625.50000000,1698399899999,160703.00004000,518,154679.90000000,68178.25813000,0
1698399900000,0.44060000,0.44210000,0.44040000,0.44150000,198700.80000000,1698400799999,87661.52408000,290,97645.90000000,43080.36123000,0
1698400800000,0.44150000,0.44150000,0.43790000,0.43860000,238317.20000000,1698401699999,104705.14945000,441,119784.00000000,52605.01646000,0
1698401700000,0.43880000,0.43960000,0.43840000,0.43870000,236502.70000000,1698402599999,103872.38863000,305,100313.00000000,44065.53644000,0
1698402600000,0.43870000,0.43940000,0.43750000,0.43870000,235731.00000000,1698403499999,103390.82295000,509,127448.90000000,55903.21435000,0
1698403500000,0.43870000,0.43880000,0.43700000,0.43730000,422907.60000000,1698404399999,185414.15434000,373,229805.50000000,100816.16955000,0
1698404400000,0.43720000,0.43770000,0.43510000,0.43520000,387852.90000000,1698405299999,169288.67435000,495,143998.00000000,62806.59648000,0
1698405300000,0.43530000,0.43570000,0.43250000,0.43310000,697816.60000000,1698406199999,302731.56419000,829,193757.70000000,84071.94616000,0
1698406200000,0.43320000,0.43470000,0.43220000,0.43360000,393849.40000000,1698407099999,170658.35772000,537,177154.30000000,76762.05425000,0
1698407100000,0.43360000,0.43680000,0.43350000,0.43630000,254620.50000000,1698407999999,110913.14474000,411,130080.10000000,56643.86946000,0
1698408000000,0.43610000,0.43690000,0.43420000,0.43540000,347020.80000000,1698408899999,151213.63237000,501,155682.70000000,67836.63505000,0
1698408900000,0.43510000,0.43770000,0.43510000,0.43560000,349119.70000000,1698409799999,152481.42220000,387,117008.60000000,51069.11999000,0
1698409800000,0.43560000,0.44150000,0.43520000,0.44110000,778107.20000000,1698410699999,341209.54917000,1080,509166.10000000,223331.42403000,0
1698410700000,0.44100000,0.44920000,0.44060000,0.44870000,1134713.80000000,1698411599999,505767.38315000,1945,639541.20000000,285055.35451000,0
1698411600000,0.44880000,0.45500000,0.44790000,0.45460000,1351761.50000000,1698412499999,608911.95104000,2275,739984.10000000,333549.36193000,0
1698412500000,0.45480000,0.45600000,0.44770000,0.44810000,1687961.50000000,1698413399999,762476.84377000,2428,816844.10000000,368738.83524000,0
1698413400000,0.44820000,0.44820000,0.44330000,0.44480000,1113606.40000000,1698414299999,496382.12197000,1784,527239.70000000,235022.49808000,0
1698414300000,0.44480000,0.44500000,0.44270000,0.44470000,430311.50000000,1698415199999,191021.49477000,782,236469.20000000,104986.14854000,0
1698415200000,0.44440000,0.44460000,0.43830000,0.43900000,1033452.50000000,1698416099999,456248.79879000,1720,463091.40000000,204422.86751000,0
1698416100000,0.43890000,0.43920000,0.43310000,0.43320000,1130827.90000000,1698416999999,492893.35596000,1868,628382.20000000,273927.32118000,0
1698417000000,0.43320000,0.43680000,0.43000000,0.43590000,1392727.50000000,1698417899999,602531.33864000,1548,543794.50000000,235303.75944000,0
1698417900000,0.43600000,0.43750000,0.43460000,0.43530000,360334.50000000,1698418799999,157016.20422000,456,151059.50000000,65887.53904000,0
1698418800000,0.43530000,0.43570000,0.43250000,0.43460000,235778.80000000,1698419699999,102362.64998000,450,123259.10000000,53553.40445000,0
1698419700000,0.43480000,0.43700000,0.43450000,0.43570000,397716.40000000,1698420599999,173317.37589000,657,229306.30000000,99922.95700000,0
1698420600000,0.43570000,0.43890000,0.43570000,0.43840000,430827.40000000,1698421499999,188624.34571000,639,232493.30000000,101787.80990000,0
1698421500000,0.43860000,0.43860000,0.43570000,0.43720000,371696.40000000,1698422399999,162384.20411000,496,207551.60000000,90685.70765000,0
1698422400000,0.43720000,0.43860000,0.43590000,0.43640000,217646.80000000,1698423299999,95135.32322000,426,119729.00000000,52327.58028000,0
1698423300000,0.43650000,0.43720000,0.43320000,0.43420000,333374.40000000,1698424199999,145005.30391000,583,150694.90000000,65522.93536000,0
1698424200000,0.43420000,0.43430000,0.43260000,0.43310000,317545.70000000,1698425099999,137561.87465000,461,145616.20000000,63084.52783000,0
1698425100000,0.43310000,0.43340000,0.42750000,0.43070000,943811.10000000,1698425999999,406208.38398000,1716,430426.20000000,185250.30241000,0
1698426000000,0.43080000,0.43210000,0.42030000,0.42770000,1954474.30000000,1698426899999,832984.18622000,3581,899342.30000000,383319.44418000,0
1698426900000,0.42730000,0.43330000,0.42710000,0.43220000,520328.50000000,1698427799999,224460.51098000,1046,291143.30000000,125563.58582000,0
1698427800000,0.43210000,0.43300000,0.42890000,0.43010000,373217.20000000,1698428699999,160900.25914000,635,184596.40000000,79560.45240000,0
1698428700000,0.42990000,0.43230000,0.42980000,0.43040000,283426.80000000,1698429599999,122149.29634000,479,144299.50000000,62178.71254000,0
1698429600000,0.43040000,0.43140000,0.42510000,0.42640000,609112.10000000,1698430499999,260529.01479000,1072,272193.10000000,116373.02899000,0
1698430500000,0.42650000,0.42750000,0.42200000,0.42250000,649930.10000000,1698431399999,276209.71106000,1399,313808.00000000,133361.20123000,0
1698431400000,0.42240000,0.42870000,0.42200000,0.42870000,619875.30000000,1698432299999,263630.39282000,1249,349073.80000000,148484.71879000,0
1698432300000,0.42880000,0.43040000,0.42600000,0.42910000,1037652.10000000,1698433199999,445198.82806000,1036,369116.00000000,158273.29584000,0
1698433200000,0.42890000,0.43020000,0.42860000,0.42970000,182510.90000000,1698434099999,78361.42077000,383,96514.20000000,41436.97876000,0
1698434100000,0.42960000,0.43020000,0.42910000,0.43020000,105635.80000000,1698434999999,45376.73438000,188,53540.30000000,23002.84653000,0
1698435000000,0.43010000,0.43110000,0.42920000,0.43010000,183156.30000000,1698435899999,78812.61062000,385,83585.90000000,35961.20813000,0
1698435900000,0.43030000,0.43120000,0.42930000,0.43010000,484384.10000000,1698436799999,208412.27142000,386,210758.30000000,90683.67740000,0
1698436800000,0.43010000,0.43160000,0.42940000,0.43000000,197242.80000000,1698437699999,84948.06385000,333,105102.80000000,45264.60529000,0
1698437700000,0.42990000,0.43200000,0.42900000,0.43170000,218751.80000000,1698438599999,94131.51694000,347,105313.90000000,45330.97204000,0
1698438600000,0.43170000,0.43290000,0.43120000,0.43120000,169214.90000000,1698439499999,73121.25732000,319,82074.70000000,35472.94784000,0
1698439500000,0.43120000,0.43280000,0.43070000,0.43270000,123502.30000000,1698440399999,53315.78329000,202,73191.10000000,31590.22466000,0
1698440400000,0.43270000,0.43280000,0.43150000,0.43200000,118801.50000000,1698441299999,51357.31564000,180,51311.70000000,22180.45349000,0
1698441300000,0.43190000,0.43200000,0.43080000,0.43120000,99036.40000000,1698442199999,42711.67817000,187,57978.10000000,25001.87783000,0
1698442200000,0.43120000,0.43320000,0.43120000,0.43230000,92938.70000000,1698443099999,40208.72872000,146,51020.50000000,22069.14752000,0
1698443100000,0.43240000,0.43380000,0.43240000,0.43370000,59370.60000000,1698443999999,25720.51461000,166,36199.00000000,15681.54046000,0
1698444000000,0.43370000,0.43430000,0.43330000,0.43360000,129805.40000000,1698444899999,56302.76836000,196,86531.60000000,37539.89665000,0
1698444900000,0.43340000,0.43340000,0.43190000,0.43290000,73195.10000000,1698445799999,31675.66534000,110,29414.00000000,12724.38254000,0
1698445800000,0.43280000,0.43370000,0.43100000,0.43100000,85343.70000000,1698446699999,36921.04558000,219,43341.60000000,18748.80861000,0
1698446700000,0.43100000,0.43200000,0.43020000,0.43070000,141931.30000000,1698447599999,61210.11051000,175,71485.80000000,30829.29706000,0
1698447600000,0.43070000,0.43230000,0.43040000,0.43210000,83664.40000000,1698448499999,36092.26440000,170,43075.30000000,18582.25856000,0
1698448500000,0.43210000,0.43220000,0.43110000,0.43110000,47242.30000000,1698449399999,20381.77562000,123,19143.20000000,8260.91627000,0
1698449400000,0.43100000,0.43240000,0.43090000,0.43180000,112202.00000000,1698450299999,48434.94048000,219,57817.00000000,24956.28051000,0
1698450300000,0.43200000,0.43200000,0.43050000,0.43080000,152330.50000000,1698451199999,65657.39937000,212,86804.00000000,37422.23902000,0
1698451200000,0.43080000,0.43630000,0.43060000,0.43600000,709562.20000000,1698452099999,308335.01153000,1307,419280.50000000,182164.47300000,0
1698452100000,0.43580000,0.43790000,0.43440000,0.43610000,660683.90000000,1698452999999,288045.78682000,1090,406030.30000000,177017.18730000,0
1698453000000,0.43610000,0.43890000,0.43500000,0.43800000,651406.40000000,1698453899999,284803.55949000,1234,373481.80000000,163288.84006000,0
1698453900000,0.43780000,0.43860000,0.43470000,0.43660000,929135.40000000,1698454799999,404916.80604000,962,475823.00000000,207366.46904000,0
1698454800000,0.43660000,0.43880000,0.43600000,0.43810000,607878.50000000,1698455699999,266003.64043000,773,362485.00000000,158612.10814000,0
1698455700000,0.43840000,0.44410000,0.43840000,0.44270000,1109852.70000000,1698456599999,490363.17970000,1883,582323.80000000,257214.96666000,0
1698456600000,0.44290000,0.44800000,0.44190000,0.44410000,1400613.70000000,1698457499999,622923.56747000,2364,712215.50000000,316920.07352000,0
1698457500000,0.44380000,0.44560000,0.44240000,0.44340000,587526.10000000,1698458399999,260588.32900000,823,293677.90000000,130252.07364000,0
1698458400000,0.44330000,0.44350000,0.43890000,0.44130000,627007.60000000,1698459299999,276014.04629000,876,290915.40000000,128041.76917000,0
1698459300000,0.44140000,0.44320000,0.44120000,0.44280000,221389.10000000,1698460199999,97901.52059000,327,99413.20000000,43973.77298000,0
1698460200000,0.44260000,0.44260000,0.44150000,0.44160000,115813.00000000,1698461099999,51192.55011000,219,49314.10000000,21795.34929000,0
1698461100000,0.44120000,0.44760000,0.44110000,0.44700000,925910.50000000,1698461999999,412701.93925000,1443,525756.80000000,234238.67745000,0
1698462000000,0.44700000,0.44750000,0.44450000,0.44500000,320196.50000000,1698462899999,142813.18486000,487,128423.40000000,57272.59406000,0
1698462900000,0.44510000,0.44530000,0.44290000,0.44340000,280125.20000000,1698463799999,124437.73793000,366,100358.70000000,44586.34907000,0
1698463800000,0.44340000,0.44550000,0.44340000,0.44490000,273384.50000000,1698464699999,121532.25873000,304,126274.70000000,56159.65770000,0
1698464700000,0.44470000,0.44610000,0.44440000,0.44560000,157097.90000000,1698465599999,69941.98458000,269,90616.20000000,40337.59840000,0
1698465600000,0.44560000,0.44580000,0.44410000,0.44540000,241752.90000000,1698466499999,107518.09072000,389,87824.20000000,39053.86509000,0
1698466500000,0.44530000,0.44970000,0.44520000,0.44850000,692804.00000000,1698467399999,310136.70458000,1085,354334.60000000,158644.93033000,0
1698467400000,0.44850000,0.45030000,0.44700000,0.44850000,925582.40000000,1698468299999,414832.82437000,917,568827.00000000,254825.33492000,0
1698468300000,0.44850000,0.44970000,0.44740000,0.44970000,276295.80000000,1698469199999,123824.01485000,415,139328.20000000,62442.71820000,0
1698469200000,0.44970000,0.45220000,0.44840000,0.45170000,703479.50000000,1698470099999,317146.37446000,1054,392312.40000000,176907.12382000,0
1698470100000,0.45170000,0.45230000,0.45020000,0.45090000,528028.60000000,1698470999999,238244.58402000,558,224901.00000000,101484.80164000,0
1698471000000,0.45070000,0.45340000,0.45050000,0.45200000,351183.00000000,1698471899999,158775.07623000,533,165722.20000000,74914.80331000,0
1698471900000,0.45220000,0.45230000,0.44940000,0.44950000,505485.80000000,1698472799999,227712.96563000,460,160178.60000000,72154.95217000,0
1698472800000,0.44940000,0.45230000,0.44820000,0.45130000,517968.30000000,1698473699999,233340.93116000,601,213266.20000000,96058.13857000,0
1698473700000,0.45140000,0.45350000,0.45120000,0.45280000,378377.10000000,1698474599999,171008.33075000,477,156515.20000000,70776.44962000,0
1698474600000,0.45270000,0.45670000,0.45140000,0.45580000,608244.40000000,1698475499999,276291.79813000,1276,364151.70000000,165526.83358000,0
1698475500000,0.45580000,0.46000000,0.45490000,0.45890000,1210728.00000000,1698476399999,554125.66061000,2428,645005.50000000,295194.48402000,0
1698476400000,0.45890000,0.46160000,0.45640000,0.45720000,2186029.70000000,1698477299999,1001216.89996000,3081,1271603.90000000,582302.45509000,0
1698477300000,0.45720000,0.46650000,0.45720000,0.46000000,1666987.00000000,1698478199999,771034.72091000,3104,874577.10000000,404355.72527000,0
1698478200000,0.45990000,0.46420000,0.45850000,0.46250000,811975.70000000,1698479099999,374331.65964000,1420,416195.50000000,191873.31838000,0
1698479100000,0.46260000,0.46870000,0.46180000,0.46300000,1149839.70000000,1698479999999,534429.98912000,1896,612292.40000000,284397.36211000,0
1698480000000,0.46290000,0.46640000,0.45940000,0.46350000,1423270.10000000,1698480899999,657486.13562000,2148,727040.10000000,335948.74244000,0
1698480900000,0.46360000,0.46980000,0.46140000,0.46580000,2368524.50000000,1698481799999,1101686.04390000,2283,1540417.90000000,716790.38215000,0
1698481800000,0.46590000,0.46730000,0.46480000,0.46540000,701704.90000000,1698482699999,326855.22665000,1095,302009.90000000,140730.32730000,0
1698482700000,0.46530000,0.46720000,0.45940000,0.46030000,1266704.80000000,1698483599999,586288.85975000,1688,570351.80000000,263895.68372000,0
1698483600000,0.46020000,0.46250000,0.45940000,0.46060000,1017489.20000000,1698484499999,468530.92328000,1194,397707.50000000,183202.59607000,0
1698484500000,0.46050000,0.46140000,0.45820000,0.46100000,848818.20000000,1698485399999,390224.93171000,1176,405126.40000000,186278.32415000,0
1698485400000,0.46110000,0.46150000,0.45880000,0.45960000,475199.00000000,1698486299999,218468.92534000,819,291263.00000000,133904.57182000,0
1698486300000,0.45960000,0.46070000,0.45740000,0.45770000,373552.70000000,1698487199999,171319.44894000,784,182358.20000000,83624.06822000,0
1698487200000,0.45770000,0.45970000,0.45650000,0.45900000,443223.30000000,1698488099999,203093.26703000,696,208990.20000000,95753.59713000,0
1698488100000,0.45900000,0.46120000,0.45830000,0.46020000,780058.40000000,1698488999999,358695.99217000,995,284097.50000000,130715.35500000,0
1698489000000,0.46010000,0.46140000,0.45880000,0.45960000,334259.90000000,1698489899999,153806.41392000,562,151606.30000000,69745.54254000,0
1698489900000,0.45970000,0.46120000,0.45950000,0.45970000,366935.20000000,1698490799999,168869.66196000,573,185058.80000000,85176.91125000,0
1698490800000,0.45950000,0.46460000,0.45890000,0.46260000,865910.20000000,1698491699999,400607.74898000,1183,584668.30000000,270586.68998000,0
1698491700000,0.46250000,0.46590000,0.46070000,0.46210000,965824.50000000,1698492599999,447615.11577000,1368,429743.30000000,199183.98019000,0
1698492600000,0.46210000,0.46400000,0.45970000,0.46020000,803474.60000000,1698493499999,370689.64265000,967,340933.80000000,157259.66037000,0
1698493500000,0.46020000,0.46080000,0.45810000,0.45840000,514279.40000000,1698494399999,236297.95474000,766,239199.20000000,109918.94640000,0
1698494400000,0.45840000,0.46500000,0.45840000,0.46410000,755612.70000000,1698495299999,348716.49522000,1160,435283.60000000,200996.67823000,0
1698495300000,0.46420000,0.46590000,0.46000000,0.46020000,1499658.90000000,1698496199999,695197.68787000,1621,785823.90000000,364596.78304000,0
1698496200000,0.46020000,0.46090000,0.45890000,0.45980000,410462.50000000,1698497099999,188632.29009000,637,198892.20000000,91424.63717000,0
1698497100000,0.45970000,0.46180000,0.45090000,0.45770000,1778094.50000000,1698497999999,812100.28322000,2663,826653.10000000,377655.26950000,0
1698498000000,0.45780000,0.46220000,0.45460000,0.46070000,681835.20000000,1698498899999,312608.13381000,1348,366760.00000000,168287.63621000,0
1698498900000,0.46070000,0.46460000,0.45970000,0.46260000,785086.40000000,1698499799999,362873.83589000,1226,420691.60000000,194337.49905000,0
1698499800000,0.46260000,0.46550000,0.46260000,0.46310000,664248.30000000,1698500699999,308255.14247000,991,351420.20000000,163097.11565000,0
1698500700000,0.46300000,0.46430000,0.46170000,0.46230000,476403.80000000,1698501599999,220355.90617000,606,276546.30000000,127883.61407000,0
1698501600000,0.46250000,0.46490000,0.46090000,0.46420000,389274.70000000,1698502499999,179952.52009000,730,215417.10000000,99601.22739000,0
1698502500000,0.46420000,0.46870000,0.46190000,0.46350000,2830381.50000000,1698503399999,1316153.60277000,3189,1070750.60000000,498057.65492000,0
1698503400000,0.46370000,0.46400000,0.46090000,0.46130000,621832.20000000,1698504299999,287428.83788000,1128,352510.30000000,162907.97139000,0
1698504300000,0.46130000,0.46170000,0.45880000,0.45970000,754687.70000000,1698505199999,347178.49343000,1147,356700.50000000,164056.50658000,0
1698505200000,0.45970000,0.46500000,0.45890000,0.46460000,1031315.70000000,1698506099999,476965.56786000,1257,777917.70000000,360032.90503000,0
1698506100000,0.46460000,0.46800000,0.46240000,0.46780000,585377.40000000,1698506999999,272302.82220000,1170,357769.80000000,166475.26302000,0
1698507000000,0.46760000,0.47080000,0.46570000,0.47080000,1288020.50000000,1698507899999,603274.14101000,1998,647850.90000000,303524.91657000,0
1698507900000,0.47080000,0.47860000,0.47030000,0.47410000,2364778.20000000,1698508799999,1123548.91470000,4279,1317905.30000000,626120.43993000,0
1698508800000,0.47420000,0.47430000,0.46700000,0.46780000,1077251.70000000,1698509699999,506085.02704000,1951,485803.60000000,228236.08912000,0
1698509700000,0.46810000,0.47070000,0.46160000,0.46510000,1067612.80000000,1698510599999,497470.96257000,1806,390647.60000000,182208.96971000,0
1698510600000,0.46520000,0.46750000,0.46370000,0.46750000,677026.10000000,1698511499999,314936.72800000,940,400499.10000000,186270.00002000,0
1698511500000,0.46750000,0.46780000,0.46490000,0.46500000,493208.50000000,1698512399999,229880.01222000,714,193184.50000000,90056.81464000,0
1698512400000,0.46490000,0.46770000,0.46470000,0.46710000,280406.50000000,1698513299999,130840.39514000,558,140707.00000000,65652.57454000,0
1698513300000,0.46710000,0.46710000,0.46510000,0.46590000,349285.30000000,1698514199999,162678.32185000,561,114410.10000000,53299.51822000,0
1698514200000,0.46590000,0.46670000,0.46390000,0.46550000,233688.50000000,1698515099999,108718.84282000,425,109037.50000000,50711.75166000,0
1698515100000,0.46540000,0.46680000,0.46400000,0.46610000,261207.30000000,1698515999999,121522.32770000,497,103418.70000000,48136.64876000,0
1698516000000,0.46600000,0.46740000,0.46340000,0.46390000,468141.90000000,1698516899999,217879.71401000,470,147373.00000000,68623.24526000,0
1698516900000,0.46390000,0.46450000,0.46200000,0.46310000,239842.30000000,1698517799999,111089.98131000,419,110487.20000000,51170.74413000,0
1698517800000,0.46310000,0.46610000,0.46220000,0.46610000,314910.20000000,1698518699999,146205.68823000,420,236743.00000000,109917.17761000,0
1698518700000,0.46610000,0.46700000,0.46520000,0.46630000,214239.00000000,1698519599999,99854.21483000,347,88571.70000000,41286.64020000,0
1698519600000,0.46640000,0.46730000,0.46590000,0.46650000,94619.20000000,1698520499999,44144.46726000,221,49309.40000000,23006.94569000,0
1698520500000,0.46640000,0.46660000,0.46390000,0.46440000,159136.60000000,1698521399999,74018.37562000,340,67554.10000000,31424.63990000,0
1698521400000,0.46460000,0.46460000,0.46250000,0.46410000,169957.00000000,1698522299999,78747.38476000,324,57490.30000000,26639.97640000,0
1698522300000,0.46420000,0.46420000,0.46160000,0.46240000,237851.70000000,1698523199999,109996.61680000,417,108564.40000000,50192.35447000,0
1698523200000,0.46260000,0.46490000,0.46190000,0.46420000,161751.00000000,1698524099999,75010.84573000,303,88276.50000000,40919.46634000,0
1698524100000,0.46430000,0.46510000,0.46430000,0.46510000,134931.00000000,1698524999999,62699.27280000,219,87548.80000000,40683.70774000,0
1698525000000,0.46510000,0.46530000,0.46400000,0.46460000,55534.10000000,1698525899999,25797.77722000,136,20967.90000000,9739.87111000,0
1698525900000,0.46450000,0.46610000,0.46420000,0.46550000,129616.70000000,1698526799999,60326.08962000,202,86298.30000000,40173.86662000,0
1698526800000,0.46530000,0.46610000,0.46430000,0.46610000,110297.60000000,1698527699999,51305.69525000,228,62050.10000000,28865.79616000,0
1698527700000,0.46610000,0.46770000,0.46580000,0.46740000,167888.90000000,1698528599999,78396.00182000,326,84037.20000000,39236.72738000,0
1698528600000,0.46740000,0.46800000,0.46680000,0.46750000,99351.20000000,1698529499999,46439.06230000,202,47745.70000000,22320.03146000,0
1698529500000,0.46750000,0.46830000,0.46740000,0.46780000,281144.20000000,1698530399999,131531.18429000,334,77437.50000000,36238.23876000,0
1698530400000,0.46790000,0.46860000,0.46710000,0.46750000,191692.60000000,1698531299999,89688.98195000,315,107977.00000000,50521.53695000,0
1698531300000,0.46750000,0.46750000,0.46280000,0.46310000,251584.50000000,1698532199999,116983.97470000,417,101442.60000000,47147.24180000,0
1698532200000,0.46310000,0.46560000,0.46010000,0.46540000,370960.90000000,1698533099999,171669.42311000,724,160643.40000000,74391.07117000,0
1698533100000,0.46550000,0.46590000,0.46320000,0.46330000,237634.30000000,1698533999999,110384.22694000,442,79194.20000000,36787.56241000,0
1698534000000,0.46330000,0.46450000,0.46090000,0.46150000,243528.70000000,1698534899999,112615.60900000,511,126013.00000000,58264.45655000,0
1698534900000,0.46140000,0.46420000,0.46140000,0.46410000,170569.50000000,1698535799999,78884.37224000,359,80330.40000000,37147.12966000,0
1698535800000,0.46410000,0.46580000,0.46300000,0.46490000,648348.10000000,1698536699999,301315.04659000,560,355277.00000000,165082.89355000,0
1698536700000,0.46500000,0.46950000,0.46450000,0.46710000,957403.90000000,1698537599999,447092.28131000,920,642395.10000000,299881.75363000,0
1698537600000,0.46730000,0.46960000,0.46310000,0.46420000,855167.50000000,1698538499999,399452.13144000,1402,356610.20000000,166619.86457000,0
1698538500000,0.46410000,0.46650000,0.46300000,0.46550000,463913.50000000,1698539399999,215436.25431000,612,199439.50000000,92652.43721000,0
1698539400000,0.46550000,0.46720000,0.46290000,0.46720000,348463.10000000,1698540299999,162021.28990000,642,202131.10000000,93988.17526000,0
1698540300000,0.46720000,0.46740000,0.45600000,0.45720000,1019716.70000000,1698541199999,469699.08969000,2234,336973.30000000,155359.75019000,0
1698541200000,0.45740000,0.46040000,0.45650000,0.45770000,680999.10000000,1698542099999,312284.17299000,1366,340735.40000000,156294.09961000,0
1698542100000,0.45780000,0.46000000,0.45100000,0.45460000,1194513.10000000,1698542999999,543472.82384000,2307,559315.60000000,254505.34925000,0
1698543000000,0.45440000,0.45620000,0.45300000,0.45470000,436367.50000000,1698543899999,198393.77718000,854,200341.30000000,91087.70428000,0
1698543900000,0.45470000,0.45680000,0.45460000,0.45530000,229109.00000000,1698544799999,104439.59851000,440,123054.70000000,56094.90567000,0
1698544800000,0.45530000,0.45630000,0.45410000,0.45500000,188692.60000000,1698545699999,85916.12907000,376,79713.90000000,36292.44302000,0
1698545700000,0.45500000,0.45620000,0.45460000,0.45610000,220135.40000000,1698546599999,100250.67087000,422,125290.50000000,57051.45085000,0
1698546600000,0.45600000,0.45600000,0.45270000,0.45470000,221040.60000000,1698547499999,100436.95792000,353,107567.80000000,48876.29631000,0
1698547500000,0.45470000,0.45680000,0.45440000,0.45660000,354904.10000000,1698548399999,161673.00602000,471,179088.90000000,81583.55617000,0
1698548400000,0.45660000,0.45810000,0.45530000,0.45590000,367026.10000000,1698549299999,167647.90755000,530,208259.00000000,95150.18389000,0
1698549300000,0.45590000,0.45620000,0.45210000,0.45420000,482911.50000000,1698550199999,219438.33115000,881,171308.60000000,77815.39616000,0
1698550200000,0.45430000,0.45490000,0.45350000,0.45420000,341543.80000000,1698551099999,155164.84354000,382,241625.00000000,109771.28123000,0
1698551100000,0.45420000,0.45440000,0.45050000,0.45310000,371236.30000000,1698551999999,167953.28060000,557,132702.40000000,60025.46441000,0
1698552000000,0.45310000,0.45530000,0.45180000,0.45530000,282073.60000000,1698552899999,127897.89416000,485,113339.30000000,51385.42991000,0
1698552900000,0.45530000,0.45580000,0.45430000,0.45560000,180954.50000000,1698553799999,82344.77094000,302,73879.10000000,33623.24004000,0
1698553800000,0.45570000,0.45690000,0.45460000,0.45690000,357178.00000000,1698554699999,162879.83250000,504,178366.50000000,81335.32718000,0
1698554700000,0.45680000,0.45710000,0.45580000,0.45630000,89428.70000000,1698555599999,40820.49108000,198,45495.10000000,20764.97384000,0
1698555600000,0.45640000,0.45730000,0.45530000,0.45710000,118433.90000000,1698556499999,54038.20122000,258,55266.20000000,25215.93589000,0
1698556500000,0.45700000,0.45790000,0.45500000,0.45600000,215354.50000000,1698557399999,98294.56303000,312,100544.10000000,45918.15023000,0
1698557400000,0.45590000,0.45770000,0.45540000,0.45740000,625235.80000000,1698558299999,285564.60032000,881,355960.80000000,162580.51974000,0
1698558300000,0.45740000,0.45780000,0.45500000,0.45520000,739641.80000000,1698559199999,337138.49509000,707,500626.70000000,228181.02629000,0
1698559200000,0.45520000,0.45650000,0.45470000,0.45600000,137007.90000000,1698560099999,62399.58043000,274,65327.80000000,29753.11665000,0
1698560100000,0.45620000,0.45670000,0.45500000,0.45620000,143018.30000000,1698560999999,65205.22146000,252,67977.30000000,30997.09334000,0
1698561000000,0.45620000,0.45800000,0.45610000,0.45760000,123771.40000000,1698561899999,56579.56413000,290,88929.80000000,40657.96067000,0
1698561900000,0.45730000,0.45780000,0.45590000,0.45650000,226270.20000000,1698562799999,103390.48163000,300,160548.80000000,73375.83813000,0
1698562800000,0.45660000,0.45750000,0.45640000,0.45700000,204639.10000000,1698563699999,93500.04746000,326,97346.60000000,44468.84138000,0
1698563700000,0.45700000,0.45830000,0.45680000,0.45770000,220612.20000000,1698564599999,100909.81234000,412,117833.60000000,53905.18969000,0
1698564600000,0.45760000,0.46030000,0.45730000,0.45980000,295992.50000000,1698565499999,135770.17539000,584,194626.80000000,89298.93449000,0
1698565500000,0.45990000,0.46130000,0.45960000,0.45970000,219440.00000000,1698566399999,101071.08321000,475,106705.70000000,49150.38356000,0
1698566400000,0.45990000,0.46140000,0.45960000,0.46130000,312196.90000000,1698567299999,143702.24285000,427,128486.90000000,59153.70505000,0
1698567300000,0.46130000,0.46250000,0.45970000,0.46020000,317720.90000000,1698568199999,146602.45882000,556,181798.40000000,83934.99961000,0
1698568200000,0.46010000,0.46200000,0.45980000,0.46100000,226671.50000000,1698569099999,104471.80169000,389,87378.00000000,40282.99261000,0
1698569100000,0.46100000,0.46170000,0.46030000,0.46100000,197708.80000000,1698569999999,91158.48384000,385,80339.00000000,37046.62839000,0
1698570000000,0.46110000,0.46160000,0.45900000,0.45920000,222325.10000000,1698570899999,102265.87230000,477,108328.00000000,49818.53805000,0
1698570900000,0.45930000,0.45990000,0.45810000,0.45960000,248237.30000000,1698571799999,113886.45828000,446,121504.60000000,55750.81803000,0
1698571800000,0.45950000,0.46060000,0.45820000,0.45860000,162468.50000000,1698572699999,74639.94266000,277,74054.70000000,34032.96941000,0
1698572700000,0.45850000,0.45850000,0.45640000,0.45680000,444749.00000000,1698573599999,203346.55399000,668,132364.50000000,60513.83521000,0
1698573600000,0.45680000,0.45680000,0.45360000,0.45500000,512215.20000000,1698574499999,233124.56366000,849,286896.60000000,130590.13023000,0
1698574500000,0.45500000,0.45560000,0.45430000,0.45530000,290900.80000000,1698575399999,132300.71928000,420,128754.40000000,58568.50741000,0
1698575400000,0.45520000,0.45530000,0.45380000,0.45430000,283065.20000000,1698576299999,128651.76501000,347,90914.80000000,41327.84816000,0
1698576300000,0.45440000,0.45510000,0.45410000,0.45500000,229777.80000000,1698577199999,104427.51188000,278,84191.50000000,38273.23985000,0
1698577200000,0.45510000,0.45700000,0.45450000,0.45660000,448192.60000000,1698578099999,204103.74781000,438,352490.80000000,160513.55745000,0
1698578100000,0.45660000,0.45740000,0.45580000,0.45720000,199545.60000000,1698578999999,91110.62878000,341,120315.70000000,54943.07542000,0
1698579000000,0.45700000,0.45700000,0.45450000,0.45500000,473057.00000000,1698579899999,215492.19789000,318,121624.70000000,55387.82257000,0
1698579900000,0.45510000,0.45520000,0.45260000,0.45380000,408557.30000000,1698580799999,185496.56748000,486,195345.30000000,88717.34566000,0
1698580800000,0.45390000,0.45520000,0.45260000,0.45300000,261914.90000000,1698581699999,118914.07024000,490,160656.30000000,72945.32661000,0
1698581700000,0.45300000,0.45480000,0.45300000,0.45440000,132477.40000000,1698582599999,60143.68186000,259,56057.60000000,25450.80224000,0
1698582600000,0.45460000,0.45620000,0.45410000,0.45600000,170578.90000000,1698583499999,77638.06117000,281,136718.90000000,62233.61063000,0
1698583500000,0.45610000,0.45860000,0.45560000,0.45810000,370339.10000000,1698584399999,169278.45787000,591,189538.10000000,86645.26366000,0
1698584400000,0.45800000,0.45800000,0.45540000,0.45600000,403900.00000000,1698585299999,184467.23658000,613,250658.10000000,114454.28358000,0
1698585300000,0.45620000,0.45710000,0.45530000,0.45670000,257923.60000000,1698586199999,117595.90121000,425,94154.10000000,42926.31106000,0
1698586200000,0.45660000,0.45880000,0.45560000,0.45760000,271729.20000000,1698587099999,124181.04188000,493,126141.00000000,57652.02693000,0
1698587100000,0.45740000,0.45830000,0.45590000,0.45730000,316631.50000000,1698587999999,144732.65335000,522,148032.80000000,67664.23353000,0
1698588000000,0.45720000,0.45720000,0.45400000,0.45460000,440855.80000000,1698588899999,200617.12996000,713,160833.60000000,73202.99845000,0
1698588900000,0.45470000,0.45760000,0.45470000,0.45700000,220780.30000000,1698589799999,100784.37838000,417,115981.00000000,52937.07617000,0
1698589800000,0.45700000,0.45820000,0.45590000,0.45620000,422936.40000000,1698590699999,193277.70680000,614,186802.60000000,85380.07763000,0
1698590700000,0.45620000,0.45800000,0.45560000,0.45780000,239244.50000000,1698591599999,109336.66970000,481,119631.10000000,54686.18020000,0
1698591600000,0.45790000,0.46090000,0.45560000,0.46080000,479325.70000000,1698592499999,219479.16375000,790,219469.30000000,100576.35663000,0
1698592500000,0.46060000,0.46400000,0.45940000,0.46360000,1017662.20000000,1698593399999,470010.01878000,1831,609407.40000000,281442.89164000,0
1698593400000,0.46380000,0.46450000,0.45670000,0.45780000,702801.60000000,1698594299999,323358.95030000,1143,298793.10000000,137596.60337000,0
1698594300000,0.45790000,0.45960000,0.45770000,0.45940000,317551.50000000,1698595199999,145669.17519000,468,165602.00000000,75972.65405000,0
1698595200000,0.45930000,0.46230000,0.45850000,0.46080000,362484.70000000,1698596099999,167019.68635000,659,197805.50000000,91144.74164000,0
1698596100000,0.46070000,0.46090000,0.45790000,0.45810000,403168.20000000,1698596999999,185218.38190000,518,148433.70000000,68188.11826000,0
1698597000000,0.45810000,0.45900000,0.45600000,0.45670000,569612.00000000,1698597899999,260185.16503000,570,286315.90000000,130736.38842000,0
1698597900000,0.45670000,0.45860000,0.45630000,0.45820000,194709.00000000,1698598799999,89044.27157000,327,97788.00000000,44726.54768000,0
1698598800000,0.45810000,0.45850000,0.45600000,0.45760000,269148.20000000,1698599699999,123111.69051000,354,138314.10000000,63274.74144000,0
1698599700000,0.45760000,0.45880000,0.45680000,0.45830000,525862.80000000,1698600599999,240746.35978000,514,113888.20000000,52145.45125000,0
1698600600000,0.45830000,0.46040000,0.45670000,0.45950000,889371.50000000,1698601499999,407648.38024000,1092,299897.60000000,137522.73315000,0
1698601500000,0.45950000,0.46050000,0.45720000,0.45750000,386091.80000000,1698602399999,177341.32541000,639,167436.00000000,76930.23315000,0
1698602400000,0.45770000,0.45970000,0.45760000,0.45880000,198164.10000000,1698603299999,90891.80337000,345,107386.50000000,49247.87113000,0
1698603300000,0.45880000,0.45970000,0.45810000,0.45900000,146812.60000000,1698604199999,67388.12607000,297,84409.90000000,38746.47557000,0
1698604200000,0.45910000,0.45980000,0.45620000,0.45690000,261914.00000000,1698605099999,119817.20791000,698,111134.90000000,50823.18235000,0
1698605100000,0.45680000,0.45850000,0.45680000,0.45800000,273966.50000000,1698605999999,125328.37165000,427,105106.90000000,48086.53292000,0
1698606000000,0.45800000,0.45860000,0.45450000,0.45450000,346330.50000000,1698606899999,157934.36470000,965,148794.50000000,67853.65914000,0
1698606900000,0.45470000,0.45510000,0.45270000,0.45330000,322530.40000000,1698607799999,146319.34491000,666,146272.50000000,66336.27294000,0
1698607800000,0.45330000,0.45620000,0.45330000,0.45550000,417162.70000000,1698608699999,189673.55631000,729,150203.10000000,68267.86378000,0
1698608700000,0.45550000,0.45620000,0.45450000,0.45610000,152870.80000000,1698609599999,69615.34451000,283,79851.60000000,36361.02632000,0
1698609600000,0.45620000,0.45710000,0.45550000,0.45560000,199533.10000000,1698610499999,91075.85991000,386,115055.80000000,52520.80701000,0
1698610500000,0.45560000,0.45640000,0.45370000,0.45410000,191855.00000000,1698611399999,87378.27032000,298,79440.70000000,36188.65929000,0
1698611400000,0.45410000,0.45550000,0.45380000,0.45550000,147620.00000000,1698612299999,67105.21047000,235,98541.20000000,44786.92272000,0
1698612300000,0.45550000,0.45650000,0.45540000,0.45620000,76861.20000000,1698613199999,35036.05242000,177,22904.70000000,10440.51334000,0
1698613200000,0.45620000,0.45750000,0.45520000,0.45750000,139916.50000000,1698614099999,63838.15807000,258,71797.50000000,32764.83252000,0
1698614100000,0.45740000,0.45790000,0.45670000,0.45760000,119511.80000000,1698614999999,54652.83145000,227,45292.90000000,20715.47120000,0
1698615000000,0.45780000,0.45820000,0.45650000,0.45790000,122833.80000000,1698615899999,56203.47132000,182,78351.70000000,35865.16278000,0
1698615900000,0.45800000,0.45870000,0.45450000,0.45520000,221095.80000000,1698616799999,100932.00750000,373,61791.00000000,28188.68137000,0
1698616800000,0.45530000,0.45750000,0.45490000,0.45740000,153708.50000000,1698617699999,70133.59961000,301,70392.50000000,32114.21568000,0
1698617700000,0.45740000,0.45880000,0.45740000,0.45870000,149281.90000000,1698618599999,68391.31527000,272,94721.50000000,43396.93660000,0
1698618600000,0.45860000,0.46000000,0.45810000,0.46000000,255519.90000000,1698619499999,117321.90230000,546,149894.00000000,68826.96380000,0
1698619500000,0.46000000,0.46180000,0.45920000,0.46010000,416075.10000000,1698620399999,191590.64490000,723,234805.70000000,108170.84697000,0
1698620400000,0.46020000,0.46100000,0.45800000,0.45830000,351967.70000000,1698621299999,161875.89753000,447,206478.50000000,95044.69151000,0
1698621300000,0.45840000,0.45990000,0.45760000,0.45770000,160880.80000000,1698622199999,73751.59353000,288,84290.30000000,38636.17409000,0
1698622200000,0.45750000,0.45750000,0.45460000,0.45530000,296919.80000000,1698623099999,135370.59132000,530,104501.30000000,47630.66838000,0
1698623100000,0.45530000,0.45530000,0.45130000,0.45270000,592838.00000000,1698623999999,268416.79000000,1357,250434.00000000,113347.01588000,0
1698624000000,0.45270000,0.45640000,0.45270000,0.45420000,465746.00000000,1698624899999,211687.67236000,851,229802.00000000,104448.93876000,0
1698624900000,0.45400000,0.45570000,0.45360000,0.45410000,366528.10000000,1698625799999,166609.46934000,578,148509.80000000,67501.04264000,0
1698625800000,0.45410000,0.45450000,0.44560000,0.44890000,1582962.50000000,1698626699999,709805.48425000,2815,521374.60000000,233909.70716000,0
1698626700000,0.44900000,0.45160000,0.44800000,0.45060000,587204.10000000,1698627599999,264441.91985000,816,351634.80000000,158480.16280000,0
1698627600000,0.45070000,0.45430000,0.44990000,0.45370000,420769.50000000,1698628499999,190272.14458000,614,241339.00000000,109105.27894000,0
1698628500000,0.45370000,0.45370000,0.45120000,0.45210000,236570.50000000,1698629399999,107079.24189000,361,88811.80000000,40207.70877000,0
1698629400000,0.45210000,0.45390000,0.45050000,0.45290000,212397.70000000,1698630299999,96038.91557000,405,108588.40000000,49106.89732000,0
1698630300000,0.45310000,0.45400000,0.45160000,0.45240000,243001.20000000,1698631199999,110045.61295000,443,107419.20000000,48655.15242000,0
1698631200000,0.45240000,0.45420000,0.44900000,0.45340000,518853.30000000,1698632099999,234560.57696000,1006,242021.80000000,109386.40535000,0
1698632100000,0.45320000,0.45380000,0.45120000,0.45200000,416982.30000000,1698632999999,188678.75379000,587,247352.60000000,111934.92313000,0
1698633000000,0.45200000,0.45560000,0.45200000,0.45450000,402059.10000000,1698633899999,182629.84787000,631,204310.10000000,92806.29358000,0
1698633900000,0.45460000,0.45640000,0.45420000,0.45580000,439292.50000000,1698634799999,200015.35690000,569,207328.00000000,94406.25587000,0
1698634800000,0.45580000,0.45580000,0.45320000,0.45470000,254096.00000000,1698635699999,115462.08048000,434,94764.30000000,43074.04881000,0
1698635700000,0.45480000,0.45490000,0.45320000,0.45340000,234528.30000000,1698636599999,106470.56002000,435,114151.60000000,51824.33601000,0
1698636600000,0.45320000,0.45440000,0.45150000,0.45330000,307773.80000000,1698637499999,139367.75088000,467,111137.70000000,50328.10833000,0
1698637500000,0.45320000,0.45420000,0.45150000,0.45170000,267183.50000000,1698638399999,120893.10031000,421,74218.70000000,33583.41556000,0
1698638400000,0.45180000,0.45330000,0.45020000,0.45250000,326362.20000000,1698639299999,147536.73977000,692,135134.90000000,61094.88411000,0
1698639300000,0.45240000,0.45380000,0.45100000,0.45300000,311170.80000000,1698640199999,140725.94831000,535,127558.70000000,57729.06167000,0
1698640200000,0.45290000,0.45480000,0.45260000,0.45470000,153587.30000000,1698641099999,69677.40378000,325,85890.60000000,38978.85480000,0
1698641100000,0.45470000,0.45470000,0.45310000,0.45350000,221562.90000000,1698641999999,100565.73214000,315,90559.70000000,41087.10471000,0
1698642000000,0.45350000,0.45440000,0.45300000,0.45380000,121952.80000000,1698642899999,55334.36710000,231,58271.90000000,26444.67817000,0
1698642900000,0.45390000,0.45470000,0.45190000,0.45250000,212600.80000000,1698643799999,96407.12981000,374,122765.30000000,55686.51461000,0
1698643800000,0.45250000,0.45540000,0.45230000,0.45430000,235805.60000000,1698644699999,107066.35524000,506,130923.80000000,59440.31499000,0
1698644700000,0.45430000,0.45440000,0.45200000,0.45270000,159117.40000000,1698645599999,72045.68948000,288,90696.80000000,41070.47123000,0
1698645600000,0.45280000,0.45370000,0.44650000,0.44860000,862341.20000000,1698646499999,387088.32492000,1738,390705.30000000,175396.39593000,0
1698646500000,0.44840000,0.45150000,0.44810000,0.45100000,258260.90000000,1698647399999,116331.16331000,518,141364.50000000,63673.18419000,0
1698647400000,0.45100000,0.45130000,0.44970000,0.45070000,185568.20000000,1698648299999,83609.51213000,333,93617.90000000,42178.93406000,0
1698648300000,0.45060000,0.45240000,0.45060000,0.45200000,146189.90000000,1698649199999,66015.52482000,321,70109.80000000,31665.21991000,0
1698649200000,0.45190000,0.45280000,0.45160000,0.45250000,188388.70000000,1698650099999,85177.70464000,347,84219.10000000,38076.24301000,0
1698650100000,0.45250000,0.45260000,0.44860000,0.44910000,445209.80000000,1698650999999,200213.75694000,701,275304.20000000,123747.56205000,0
1698651000000,0.44910000,0.45050000,0.44830000,0.44870000,329985.60000000,1698651899999,148182.69189000,537,162364.80000000,72908.53060000,0
1698651900000,0.44880000,0.45030000,0.44850000,0.44860000,263315.50000000,1698652799999,118341.11965000,389,162620.40000000,73077.79314000,0
1698652800000,0.44860000,0.45060000,0.44750000,0.45060000,301476.30000000,1698653699999,135355.89849000,483,195694.00000000,87858.75895000,0
1698653700000,0.45060000,0.45170000,0.45040000,0.45110000,204006.80000000,1698654599999,92034.41235000,403,101653.30000000,45860.49377000,0
1698654600000,0.45120000,0.45740000,0.45030000,0.45620000,1177869.00000000,1698655499999,535575.12054000,1723,722196.90000000,328359.57793000,0
1698655500000,0.45640000,0.45850000,0.45480000,0.45780000,637251.90000000,1698656399999,291062.01665000,1079,289156.90000000,132098.98294000,0
1698656400000,0.45760000,0.46250000,0.45760000,0.45950000,1178451.20000000,1698657299999,542486.15899000,1901,686035.00000000,315753.68671000,0
1698657300000,0.45950000,0.46260000,0.45930000,0.46120000,1048771.30000000,1698658199999,483764.77185000,1438,576836.80000000,266124.56352000,0
1698658200000,0.46130000,0.46590000,0.46000000,0.46510000,1504077.80000000,1698659099999,696826.02413000,1722,720652.80000000,333859.51443000,0
1698659100000,0.46480000,0.46660000,0.46220000,0.46500000,1197334.70000000,1698659999999,556770.57919000,1587,555879.70000000,258485.93308000,0
1698660000000,0.46480000,0.46690000,0.46130000,0.46160000,570097.00000000,1698660899999,264424.01619000,979,255351.40000000,118457.33402000,0
1698660900000,0.46150000,0.47390000,0.46130000,0.47100000,1792624.60000000,1698661799999,839402.88895000,2855,905984.30000000,424268.13543000,0
1698661800000,0.47120000,0.47380000,0.46800000,0.46800000,939400.80000000,1698662699999,442116.17593000,1760,473296.90000000,222682.61061000,0
1698662700000,0.46810000,0.46990000,0.46600000,0.46650000,649224.60000000,1698663599999,303248.85093000,802,174731.20000000,81712.83992000,0
1698663600000,0.46630000,0.46910000,0.46610000,0.46790000,301438.90000000,1698664499999,140951.69323000,562,164466.00000000,76884.34276000,0
1698664500000,0.46790000,0.46980000,0.46650000,0.46930000,332140.90000000,1698665399999,155458.60059000,695,152395.20000000,71322.56785000,0
1698665400000,0.46920000,0.46950000,0.46700000,0.46830000,281322.10000000,1698666299999,131684.51177000,463,112341.80000000,52576.05085000,0
1698666300000,0.46820000,0.46850000,0.46580000,0.46600000,377869.80000000,1698667199999,176529.24463000,639,133471.70000000,62324.02548000,0
1698667200000,0.46610000,0.46710000,0.46490000,0.46650000,571446.10000000,1698668099999,266305.57671000,733,387878.60000000,180784.34241000,0
1698668100000,0.46640000,0.47000000,0.46600000,0.46970000,504569.40000000,1698668999999,236394.04268000,789,255249.40000000,119568.45098000,0
1698669000000,0.46960000,0.47070000,0.46840000,0.46960000,593503.10000000,1698669899999,278859.61042000,862,319641.90000000,150197.95855000,0
1698669900000,0.46950000,0.46990000,0.46020000,0.46230000,1139630.70000000,1698670799999,529784.20846000,2106,417774.00000000,194134.61787000,0
1698670800000,0.46230000,0.46430000,0.45900000,0.46390000,732740.60000000,1698671699999,338352.44791000,1384,400968.50000000,185223.02659000,0
1698671700000,0.46400000,0.46690000,0.46400000,0.46530000,424071.70000000,1698672599999,197482.12736000,624,212561.70000000,98969.04996000,0
1698672600000,0.46540000,0.46670000,0.46470000,0.46470000,251190.50000000,1698673499999,116955.63698000,455,95546.90000000,44485.65113000,0
1698673500000,0.46480000,0.46720000,0.46400000,0.46650000,570158.60000000,1698674399999,265245.44228000,706,266032.60000000,123791.79618000,0
1698674400000,0.46660000,0.46880000,0.46660000,0.46800000,475871.40000000,1698675299999,222667.64026000,919,305564.60000000,143003.67712000,0
1698675300000,0.46810000,0.46840000,0.46370000,0.46440000,483257.40000000,1698676199999,225015.86607000,813,175690.70000000,81921.36981000,0
1698676200000,0.46440000,0.46460000,0.46040000,0.46050000,390888.90000000,1698677099999,180950.08547000,798,172477.60000000,79848.72703000,0
1698677100000,0.46050000,0.46150000,0.45870000,0.46150000,580642.60000000,1698677999999,267257.17626000,855,326562.20000000,150339.02748000,0
1698678000000,0.46130000,0.46210000,0.45910000,0.46070000,300021.60000000,1698678899999,138222.74287000,449,159539.60000000,73514.30743000,0
1698678900000,0.46070000,0.46170000,0.45800000,0.45940000,275285.40000000,1698679799999,126610.78821000,503,132637.10000000,61008.48431000,0
1698679800000,0.45930000,0.46100000,0.45880000,0.45970000,405420.10000000,1698680699999,186361.01583000,606,212110.20000000,97514.41290000,0
1698680700000,0.45960000,0.46080000,0.45850000,0.46080000,245740.30000000,1698681599999,112905.55511000,350,130432.50000000,59930.22141000,0
1698681600000,0.46080000,0.46150000,0.46010000,0.46130000,217700.20000000,1698682499999,100300.75670000,343,118222.70000000,54467.89703000,0
1698682500000,0.46150000,0.46200000,0.45780000,0.45910000,296968.40000000,1698683399999,136445.86673000,478,120710.00000000,55482.24454000,0
1698683400000,0.45910000,0.46010000,0.45600000,0.45690000,466920.00000000,1698684299999,214087.35847000,574,140098.10000000,64213.68055000,0
1698684300000,0.45680000,0.45920000,0.45680000,0.45900000,207213.20000000,1698685199999,94961.98700000,296,118129.70000000,54127.17605000,0
1698685200000,0.45900000,0.45900000,0.44890000,0.45210000,1158445.00000000,1698686099999,525247.92114000,2243,503018.30000000,227886.63011000,0
1698686100000,0.45180000,0.45240000,0.44280000,0.44980000,1738453.10000000,1698686999999,777240.00162000,3475,685831.70000000,306641.73609000,0
1698687000000,0.44990000,0.45160000,0.44910000,0.45140000,361398.80000000,1698687899999,162759.25674000,685,200022.40000000,90077.14549000,0
1698687900000,0.45130000,0.45310000,0.45110000,0.45140000,392980.80000000,1698688799999,177710.83872000,651,193544.80000000,87552.96089000,0
1698688800000,0.45150000,0.45580000,0.45150000,0.45550000,389402.30000000,1698689699999,176713.89010000,761,222437.90000000,100933.98493000,0
1698689700000,0.45540000,0.45620000,0.45410000,0.45410000,351919.60000000,1698690599999,160190.93600000,599,182676.20000000,83182.56898000,0
1698690600000,0.45410000,0.45650000,0.45370000,0.45580000,341706.70000000,1698691499999,155607.44459000,445,216411.10000000,98499.68321000,0
1698691500000,0.45590000,0.45640000,0.45420000,0.45490000,304968.60000000,1698692399999,138845.14018000,410,139772.30000000,63619.55254000,0
1698692400000,0.45500000,0.45740000,0.45470000,0.45670000,197087.70000000,1698693299999,89862.41131000,346,104562.10000000,47684.81824000,0
1698693300000,0.45670000,0.45780000,0.45580000,0.45680000,176534.10000000,1698694199999,80641.01309000,322,81081.00000000,37041.77590000,0
1698694200000,0.45680000,0.45840000,0.45640000,0.45760000,439898.30000000,1698695099999,201243.20769000,429,302642.50000000,138477.91200000,0
1698695100000,0.45750000,0.45770000,0.45670000,0.45750000,243858.00000000,1698695999999,111505.66043000,317,92328.50000000,42228.21443000,0
1698696000000,0.45760000,0.45780000,0.45580000,0.45670000,199340.70000000,1698696899999,91041.69322000,327,103032.00000000,47046.56054000,0
1698696900000,0.45680000,0.45710000,0.45480000,0.45530000,181888.60000000,1698697799999,82851.81750000,302,48553.70000000,22129.45441000,0
1698697800000,0.45530000,0.45700000,0.45480000,0.45580000,197376.60000000,1698698699999,90022.16859000,275,59268.10000000,27023.57160000,0
1698698700000,0.45580000,0.45710000,0.45570000,0.45650000,149150.90000000,1698699599999,68088.33927000,219,67972.40000000,31032.65069000,0
1698699600000,0.45650000,0.45730000,0.45560000,0.45590000,121176.30000000,1698700499999,55325.23058000,237,42636.90000000,19469.34682000,0
1698700500000,0.45600000,0.45840000,0.45590000,0.45740000,153183.00000000,1698701399999,70059.30829000,247,85484.60000000,39088.79783000,0
1698701400000,0.45750000,0.45970000,0.45750000,0.45970000,222605.00000000,1698702299999,102171.45995000,429,141655.90000000,65022.76987000,0
1698702300000,0.45960000,0.46180000,0.45960000,0.46130000,257667.40000000,1698703199999,118708.16861000,497,149669.30000000,68961.16556000,0
1698703200000,0.46120000,0.46190000,0.46030000,0.46160000,222853.00000000,1698704099999,102705.41764000,346,132378.50000000,60998.66113000,0
1698704100000,0.46130000,0.46180000,0.45960000,0.46050000,250157.40000000,1698704999999,115231.86219000,361,124386.00000000,57281.58641000,0
1698705000000,0.46040000,0.46110000,0.45960000,0.46040000,158282.80000000,1698705899999,72825.82441000,248,80755.50000000,37159.92120000,0
1698705900000,0.46050000,0.46240000,0.46030000,0.46230000,142101.10000000,1698706799999,65555.97139000,280,70879.10000000,32699.15224000,0
1698706800000,0.46220000,0.46420000,0.46210000,0.46380000,267987.50000000,1698707699999,124092.65640000,477,151928.30000000,70348.65236000,0
1698707700000,0.46380000,0.46390000,0.46200000,0.46240000,80677.40000000,1698708599999,37364.60166000,147,31376.90000000,14531.56245000,0
1698708600000,0.46240000,0.46370000,0.46240000,0.46240000,216436.70000000,1698709499999,100228.84197000,334,91978.10000000,42601.23994000,0
1698709500000,0.46240000,0.46390000,0.46240000,0.46280000,209562.60000000,1698710399999,97055.10761000,240,81748.60000000,37860.66359000,0
1698710400000,0.46300000,0.46460000,0.46180000,0.46440000,304611.40000000,1698711299999,140968.96201000,508,135405.30000000,62661.15258000,0
1698711300000,0.46450000,0.46600000,0.46250000,0.46450000,530597.60000000,1698712199999,246628.81413000,830,281113.40000000,130659.26939000,0
1698712200000,0.46450000,0.47340000,0.46450000,0.47100000,1403094.90000000,1698713099999,659248.19852000,2195,750538.30000000,352601.62961000,0
1698713100000,0.47100000,0.47590000,0.47010000,0.47260000,1275546.30000000,1698713999999,603677.41034000,2345,687502.50000000,325290.50037000,0
1698714000000,0.47260000,0.47380000,0.46540000,0.46600000,818299.20000000,1698714899999,383408.07346000,1275,384925.80000000,180263.87166000,0
1698714900000,0.46590000,0.46760000,0.46480000,0.46670000,430223.90000000,1698715799999,200600.63592000,825,197305.10000000,91987.24612000,0
1698715800000,0.46660000,0.46920000,0.46500000,0.46920000,331067.80000000,1698716699999,154506.98389000,642,162126.20000000,75678.99129000,0
1698716700000,0.46920000,0.46930000,0.46750000,0.46780000,255354.40000000,1698717599999,119675.43698000,471,100818.50000000,47250.17916000,0
1698717600000,0.46780000,0.46910000,0.46640000,0.46640000,428031.00000000,1698718499999,200084.75860000,543,113308.50000000,52990.65096000,0
1698718500000,0.46650000,0.46720000,0.46350000,0.46580000,411703.30000000,1698719399999,191444.17935000,659,186808.60000000,86880.03861000,0
1698719400000,0.46590000,0.46600000,0.46230000,0.46270000,453667.60000000,1698720299999,210483.44744000,590,154688.60000000,71752.83494000,0
1698720300000,0.46280000,0.46320000,0.45720000,0.46130000,1093783.40000000,1698721199999,502788.84295000,1632,465905.70000000,214140.53149000,0
1698721200000,0.46110000,0.46210000,0.45740000,0.45760000,437348.90000000,1698722099999,200964.50933000,667,190153.60000000,87434.09116000,0
1698722100000,0.45750000,0.45950000,0.45560000,0.45950000,473190.50000000,1698722999999,216527.86016000,844,185309.90000000,84840.45068000,0
1698723000000,0.45930000,0.45980000,0.45670000,0.45690000,253850.50000000,1698723899999,116292.00107000,458,114478.10000000,52439.99467000,0
1698723900000,0.45690000,0.45810000,0.45550000,0.45640000,586448.40000000,1698724799999,267719.77880000,759,240187.20000000,109644.11369000,0
1698724800000,0.45660000,0.45770000,0.45470000,0.45770000,372350.90000000,1698725699999,169843.05758000,594,155556.60000000,70975.39730000,0
1698725700000,0.45780000,0.45890000,0.45750000,0.45830000,219828.20000000,1698726599999,100704.35833000,391,98512.70000000,45135.13201000,0
1698726600000,0.45830000,0.45950000,0.45730000,0.45760000,166204.10000000,1698727499999,76192.94623000,324,88371.40000000,40523.29718000,0
1698727500000,0.45730000,0.45770000,0.45650000,0.45690000,105760.20000000,1698728399999,48336.80398000,233,45165.70000000,20640.28029000,0
1698728400000,0.45680000,0.45730000,0.45360000,0.45370000,327833.90000000,1698729299999,149060.65389000,522,202757.00000000,92149.82254000,0
1698729300000,0.45370000,0.45710000,0.45210000,0.45670000,477450.80000000,1698730199999,217092.84772000,856,301450.20000000,137074.81673000,0
1698730200000,0.45670000,0.45760000,0.45600000,0.45720000,265261.90000000,1698731099999,121192.33529000,381,143766.90000000,65688.76459000,0
1698731100000,0.45730000,0.45890000,0.45730000,0.45730000,258450.00000000,1698731999999,118425.94158000,404,121531.10000000,55673.35939000,0
1698732000000,0.45740000,0.45960000,0.45680000,0.45960000,241381.60000000,1698732899999,110536.87911000,423,138246.00000000,63295.32324000,0
1698732900000,0.45950000,0.45970000,0.45780000,0.45800000,233759.00000000,1698733799999,107329.97399000,410,115778.40000000,53155.34447000,0
1698733800000,0.45800000,0.46030000,0.45380000,0.45980000,528013.20000000,1698734699999,241340.97543000,912,294037.10000000,134419.59056000,0
1698734700000,0.45980000,0.46010000,0.45630000,0.45650000,271035.10000000,1698735599999,124114.53176000,521,141653.80000000,64861.87560000,0
1698735600000,0.45670000,0.45840000,0.45580000,0.45750000,176175.30000000,1698736499999,80587.05196000,351,109296.70000000,49999.87118000,0
1698736500000,0.45740000,0.45790000,0.45400000,0.45410000,503452.20000000,1698737399999,229316.14786000,835,281536.50000000,128248.48708000,0
1698737400000,0.45400000,0.45400000,0.45000000,0.45270000,818106.90000000,1698738299999,369529.20964000,1336,390691.00000000,176411.90874000,0
1698738300000,0.45260000,0.45270000,0.44920000,0.45060000,382812.30000000,1698739199999,172548.38342000,705,166597.20000000,75105.36242000,0
1698739200000,0.45080000,0.45140000,0.44360000,0.45120000,1255585.90000000,1698740099999,561694.85355000,2133,669175.40000000,299308.69228000,0
1698740100000,0.45110000,0.45460000,0.45100000,0.45440000,587839.30000000,1698740999999,266431.44686000,902,318872.00000000,144511.66741000,0
1698741000000,0.45420000,0.45600000,0.45380000,0.45560000,406464.20000000,1698741899999,184878.30689000,655,237709.60000000,108118.18204000,0
1698741900000,0.45530000,0.45670000,0.45510000,0.45650000,282525.30000000,1698742799999,128886.23298000,505,152103.60000000,69382.57948000,0
1698742800000,0.45650000,0.45860000,0.45610000,0.45670000,273671.40000000,1698743699999,125080.88551000,503,148759.40000000,68002.68821000,0
1698743700000,0.45660000,0.45740000,0.45500000,0.45580000,682479.60000000,1698744599999,311386.24786000,677,388822.10000000,177512.27250000,0
1698744600000,0.45570000,0.45760000,0.45490000,0.45660000,162844.60000000,1698745499999,74313.21202000,295,92787.60000000,42334.68622000,0
1698745500000,0.45660000,0.45850000,0.45630000,0.45800000,200474.00000000,1698746399999,91701.31374000,356,79599.40000000,36410.92135000,0
1698746400000,0.45790000,0.45890000,0.45650000,0.45650000,215590.80000000,1698747299999,98720.54391000,383,106950.60000000,48973.10946000,0
1698747300000,0.45650000,0.45890000,0.45630000,0.45660000,644867.90000000,1698748199999,295196.96441000,556,265377.20000000,121447.18366000,0
1698748200000,0.45660000,0.45880000,0.45660000,0.45840000,211651.60000000,1698749099999,96962.83224000,359,97046.50000000,44450.26400000,0
1698749100000,0.45830000,0.45900000,0.45610000,0.45630000,290031.20000000,1698749999999,132915.32499000,470,131004.50000000,60035.36469000,0
1698750000000,0.45660000,0.45670000,0.45440000,0.45580000,675997.80000000,1698750899999,308045.47633000,945,319737.60000000,145687.82419000,0
1698750900000,0.45570000,0.46040000,0.45540000,0.45830000,1308347.30000000,1698751799999,598792.91841000,1327,870155.90000000,397862.29718000,0
1698751800000,0.45830000,0.46050000,0.45830000,0.46010000,673734.90000000,1698752699999,309813.29735000,1033,270534.00000000,124435.33895000,0
1698752700000,0.46010000,0.46160000,0.45720000,0.45800000,656698.60000000,1698753599999,301876.07743000,1015,238182.40000000,109518.77302000,0
1698753600000,0.45790000,0.45950000,0.45780000,0.45850000,234734.50000000,1698754499999,107667.69874000,425,122582.20000000,56227.29637000,0
1698754500000,0.45840000,0.45840000,0.45340000,0.45390000,1305278.10000000,1698755399999,595916.75565000,1463,437799.40000000,199763.13365000,0
1698755400000,0.45400000,0.45490000,0.45040000,0.45230000,732969.20000000,1698756299999,332220.42062000,1174,358098.60000000,162337.58921000,0
1698756300000,0.45230000,0.45240000,0.44640000,0.44770000,2327765.30000000,1698757199999,1042934.84027000,2266,1007923.00000000,451645.18975000,0
1698757200000,0.44770000,0.45020000,0.44630000,0.44760000,771940.40000000,1698758099999,345989.03896000,1227,384737.90000000,172434.67923000,0
1698758100000,0.44760000,0.44970000,0.44690000,0.44920000,565916.80000000,1698758999999,253877.23133000,792,276105.20000000,123908.02022000,0
1698759000000,0.44920000,0.44970000,0.44440000,0.44560000,693172.10000000,1698759899999,309426.10298000,1204,278475.10000000,124305.22658000,0
1698759900000,0.44570000,0.44830000,0.43520000,0.44190000,1973227.00000000,1698760799999,869655.29605000,3654,913434.60000000,402564.63375000,0
1698760800000,0.44170000,0.44410000,0.43660000,0.44380000,1085794.60000000,1698761699999,478274.03098000,1978,506439.30000000,223170.33928000,0
1698761700000,0.44390000,0.44580000,0.44060000,0.44150000,650140.80000000,1698762599999,288336.97158000,1000,262937.40000000,116690.58922000,0
1698762600000,0.44160000,0.44280000,0.43740000,0.44120000,795571.20000000,1698763499999,349610.91190000,1345,396892.00000000,174455.32578000,0
1698763500000,0.44120000,0.44240000,0.43980000,0.44030000,564482.00000000,1698764399999,248889.99002000,936,294406.30000000,129841.63645000,0
1698764400000,0.44030000,0.44140000,0.42470000,0.43210000,2957010.10000000,1698765299999,1276001.74191000,4579,1243743.20000000,536801.32640000,0
1698765300000,0.43220000,0.43220000,0.42000000,0.42970000,2334405.50000000,1698766199999,995261.54258000,4954,1077113.10000000,459360.97070000,0
1698766200000,0.42970000,0.43350000,0.42520000,0.42770000,1765653.40000000,1698767099999,760497.18276000,2373,850182.10000000,366233.50507000,0
1698767100000,0.42750000,0.43220000,0.42750000,0.43070000,568785.00000000,1698767999999,244715.74406000,1071,287437.40000000,123659.11713000,0
1698768000000,0.43070000,0.43290000,0.42760000,0.43090000,690535.60000000,1698768899999,297506.62686000,1188,377957.60000000,162851.31404000,0
1698768900000,0.43090000,0.43570000,0.43090000,0.43470000,553323.00000000,1698769799999,239928.00600000,884,301527.30000000,130765.03422000,0
1698769800000,0.43470000,0.43830000,0.43250000,0.43700000,718570.00000000,1698770699999,312849.16855000,1230,358624.20000000,156250.73759000,0
1698770700000,0.43720000,0.43740000,0.43520000,0.43660000,350334.10000000,1698771599999,152894.48088000,681,163948.90000000,71555.45331000,0
1698771600000,0.43650000,0.43670000,0.43450000,0.43610000,322671.40000000,1698772499999,140624.69120000,559,179137.40000000,78061.86754000,0
1698772500000,0.43630000,0.43720000,0.43490000,0.43660000,249744.90000000,1698773399999,108948.95914000,403,121260.50000000,52891.28297000,0
1698773400000,0.43670000,0.43760000,0.43520000,0.43720000,244248.80000000,1698774299999,106563.89158000,348,112641.00000000,49144.91750000,0
1698774300000,0.43710000,0.43840000,0.43610000,0.43740000,294073.80000000,1698775199999,128617.61291000,512,168537.00000000,73695.12701000,0
1698775200000,0.43750000,0.43830000,0.43700000,0.43720000,221268.70000000,1698776099999,96837.83059000,337,71303.00000000,31207.86956000,0
1698776100000,0.43710000,0.43850000,0.43660000,0.43660000,256060.10000000,1698776999999,112076.36331000,445,135502.50000000,59320.36425000,0
1698777000000,0.43660000,0.43900000,0.43580000,0.43870000,251678.70000000,1698777899999,110068.33930000,453,139002.70000000,60791.47250000,0
1698777900000,0.43870000,0.44010000,0.43760000,0.43910000,210670.30000000,1698778799999,92544.77814000,404,126774.10000000,55685.32619000,0
1698778800000,0.43920000,0.44200000,0.43890000,0.44040000,448744.20000000,1698779699999,197710.63451000,728,175311.90000000,77266.93908000,0
1698779700000,0.44060000,0.44130000,0.43930000,0.44120000,281875.80000000,1698780599999,124150.61114000,472,165109.10000000,72725.61491000,0
1698780600000,0.44110000,0.44120000,0.43830000,0.43870000,158496.70000000,1698781499999,69749.51999000,378,67370.20000000,29645.28180000,0
1698781500000,0.43890000,0.43990000,0.43800000,0.43980000,200450.40000000,1698782399999,87932.88032000,512,101180.00000000,44386.93471000,0
1698782400000,0.43980000,0.44090000,0.43880000,0.44040000,210246.60000000,1698783299999,92459.51821000,417,120326.60000000,52911.61315000,0
1698783300000,0.44040000,0.44190000,0.43960000,0.44100000,239224.30000000,1698784199999,105482.99078000,393,139271.60000000,61401.39569000,0
1698784200000,0.44110000,0.44200000,0.44050000,0.44130000,136911.50000000,1698785099999,60409.27345000,251,48386.30000000,21340.80433000,0
1698785100000,0.44150000,0.44270000,0.44020000,0.44220000,205244.20000000,1698785999999,90649.32049000,397,99105.30000000,43772.37862000,0
1698786000000,0.44210000,0.44240000,0.44100000,0.44220000,214805.70000000,1698786899999,94876.14195000,397,109399.90000000,48320.18880000,0
1698786900000,0.44230000,0.44420000,0.44130000,0.44210000,266713.40000000,1698787799999,118110.73497000,561,135484.50000000,60007.45445000,0
1698787800000,0.44210000,0.44210000,0.44130000,0.44180000,129478.10000000,1698788699999,57196.23998000,283,77087.30000000,34050.05378000,0
1698788700000,0.44180000,0.44180000,0.43950000,0.44140000,165114.00000000,1698789599999,72693.12382000,343,54935.20000000,24190.37371000,0
1698789600000,0.44140000,0.44340000,0.44140000,0.44330000,199250.80000000,1698790499999,88176.31742000,318,100805.40000000,44618.07905000,0
1698790500000,0.44320000,0.44350000,0.44210000,0.44300000,103096.50000000,1698791399999,45665.77724000,245,58672.50000000,25988.84588000,0
1698791400000,0.44290000,0.44470000,0.44220000,0.44400000,159187.70000000,1698792299999,70639.67857000,308,69672.40000000,30911.65218000,0
1698792300000,0.44400000,0.44450000,0.44280000,0.44340000,137476.10000000,1698793199999,60981.11933000,277,71293.10000000,31626.54733000,0
1698793200000,0.44340000,0.44380000,0.44170000,0.44190000,215570.50000000,1698794099999,95438.76023000,347,97425.80000000,43140.22967000,0
1698794100000,0.44200000,0.44280000,0.44140000,0.44180000,341519.60000000,1698794999999,150928.84785000,342,185682.70000000,82041.11360000,0
1698795000000,0.44200000,0.44230000,0.44100000,0.44170000,207369.30000000,1698795899999,91654.43314000,253,96313.70000000,42577.79395000,0
1698795900000,0.44170000,0.44360000,0.44090000,0.44290000,381942.50000000,1698796799999,168932.17989000,410,191624.90000000,84759.72345000,0
