1654041600000,31801.05000000,31889.58000000,31715.51000000,31763.68000000,585.79514000,1654042499999,18621875.29641200,11025,296.10085000,9414839.82902840,0
1654042500000,31763.68000000,31876.01000000,31688.01000000,31825.98000000,720.03576000,1654043399999,22888285.51249630,12080,364.70600000,11592892.22607420,0
1654043400000,31825.98000000,31982.97000000,31795.62000000,31943.91000000,528.82548000,1654044299999,16875646.43412360,10718,264.16298000,8429987.07794700,0
1654044300000,31943.90000000,31978.95000000,31889.70000000,31936.54000000,402.67961000,1654045199999,12857276.01891430,9001,201.51168000,6434263.27501320,0
1654045200000,31936.53000000,31947.26000000,31878.89000000,31916.80000000,344.72924000,1654046099999,10997581.83182570,7279,142.82635000,4556205.55601150,0
1654046100000,31916.80000000,31933.05000000,31843.90000000,31907.46000000,330.72620000,1654046999999,10547468.04028900,7597,174.63315000,5569192.00120230,0
1654047000000,31907.46000000,31935.00000000,31842.84000000,31846.57000000,274.85842000,1654047899999,8765836.86724080,7312,118.00144000,3763783.66951640,0
1654047900000,31846.56000000,31926.13000000,31836.99000000,31926.12000000,330.62697000,1654048799999,10537626.09086960,6667,158.49562000,5051405.51916760,0
1654048800000,31926.13000000,31926.13000000,31872.14000000,31883.19000000,275.81021000,1654049699999,8798536.63607150,6604,114.50460000,3652300.66241160,0
1654049700000,31883.20000000,31883.20000000,31742.02000000,31776.06000000,561.81847000,1654050599999,17859005.51310440,9531,207.40087000,6593941.15773280,0
1654050600000,31776.06000000,31840.53000000,31767.45000000,31830.01000000,323.15106000,1654051499999,10277111.28564780,7229,191.77775000,6098701.21294050,0
1654051500000,31830.00000000,31834.39000000,31731.01000000,31806.72000000,486.27722000,1654052399999,15455778.51720100,9609,199.82078000,6350689.14708990,0
1654052400000,31806.71000000,31806.72000000,31729.22000000,31732.91000000,430.89990000,1654053299999,13686463.37110660,8459,150.42820000,4778480.90707880,0
1654053300000,31732.90000000,31760.75000000,31680.24000000,31726.54000000,471.25588000,1654054199999,14950970.73066310,8549,205.12772000,6507609.35988600,0
1654054200000,31726.53000000,31726.54000000,31640.27000000,31649.12000000,485.50563000,1654055099999,15376044.89863550,9185,208.66328000,6608001.62494530,0
1654055100000,31649.13000000,31668.70000000,31614.01000000,31627.30000000,549.40473000,1654055999999,17383393.72858620,10738,261.92528000,8286477.28359730,0
1654056000000,31627.29000000,31670.00000000,31371.45000000,31474.14000000,1265.13598000,1654056899999,39860190.06248770,19792,538.89540000,16980431.77440290,0
1654056900000,31474.13000000,31563.13000000,31474.13000000,31502.03000000,682.89966000,1654057799999,21524935.16365870,10454,309.18909000,9745130.21027470,0
1654057800000,31502.03000000,31598.63000000,31501.57000000,31553.10000000,285.31195000,1654058699999,9006362.42591370,7605,158.98501000,5017995.44049030,0
1654058700000,31553.09000000,31614.15000000,31553.09000000,31566.60000000,295.44032000,1654059599999,9331703.18337070,6777,171.94469000,5430675.94123070,0
1654059600000,31566.60000000,31611.09000000,31533.77000000,31583.41000000,206.01026000,1654060499999,6505203.20864170,6101,118.24254000,3733529.27069640,0
1654060500000,31583.41000000,31594.97000000,31508.88000000,31543.58000000,272.24191000,1654061399999,8589355.53477900,6365,107.82612000,3401658.22080840,0
1654061400000,31543.59000000,31623.52000000,31445.76000000,31587.98000000,519.51413000,1654062299999,16367302.22248180,9918,245.77231000,7744211.16281830,0
1654062300000,31587.98000000,31626.93000000,31580.23000000,31622.28000000,295.92611000,1654063199999,9352577.92149840,7321,155.71446000,4921092.04183490,0
1654063200000,31622.28000000,31669.01000000,31600.12000000,31626.66000000,291.16414000,1654064099999,9211194.27276500,7409,155.59409000,4922196.08495380,0
1654064100000,31626.66000000,31656.84000000,31588.87000000,31656.84000000,279.28120000,1654064999999,8831610.95571400,6092,137.95314000,4362820.29691560,0
1654065000000,31656.84000000,31660.90000000,31568.69000000,31599.04000000,303.44658000,1654065899999,9590975.91990740,5712,137.56774000,4347762.38865240,0
1654065900000,31599.04000000,31600.00000000,31570.01000000,31584.62000000,184.44899000,1654066799999,5826227.42347150,4512,64.85938000,2048476.78215260,0
1654066800000,31584.62000000,31642.68000000,31530.59000000,31581.07000000,504.58340000,1654067699999,15935535.84058650,7714,261.00050000,8242568.35813840,0
1654067700000,31581.07000000,31589.99000000,31514.90000000,31557.47000000,304.32649000,1654068599999,9599737.69967530,6523,145.13693000,4577998.95050880,0
1654068600000,31557.47000000,31619.13000000,31481.96000000,31491.81000000,449.35923000,1654069499999,14177376.85518570,7655,193.40919000,6102095.80594250,0
1654069500000,31491.81000000,31543.69000000,31474.40000000,31482.43000000,435.44869000,1654070399999,13716362.71703320,6834,202.65458000,6383811.77077370,0
1654070400000,31482.42000000,31527.08000000,31450.00000000,31513.87000000,464.59419000,1654071299999,14630453.37241600,8799,236.55812000,7449307.51044470,0
1654071300000,31513.88000000,31580.00000000,31513.87000000,31574.70000000,416.81967000,1654072199999,13154474.85231280,8012,247.56630000,7812687.84876550,0
1654072200000,31574.71000000,31647.31000000,31565.30000000,31596.12000000,667.45560000,1654073099999,21097604.63933050,11756,363.69022000,11495977.14751010,0
1654073100000,31596.11000000,31640.01000000,31588.01000000,31624.91000000,456.59703000,1654073999999,14436286.21533520,9154,255.25994000,8070308.20405010,0
1654074000000,31624.90000000,31644.00000000,31614.00000000,31623.35000000,322.92539000,1654074899999,10214384.81043840,7369,168.91856000,5342742.71898790,0
1654074900000,31623.34000000,31700.00000000,31614.62000000,31688.81000000,368.25339000,1654075799999,11659443.86962410,7730,221.63345000,7017465.88903110,0
1654075800000,31688.81000000,31708.39000000,31666.75000000,31691.51000000,266.75734000,1654076699999,8452272.85132370,6598,143.21092000,4537466.36261980,0
1654076700000,31691.50000000,31696.00000000,31671.82000000,31695.99000000,229.28761000,1654077599999,7264528.57480920,5682,112.34350000,3559317.41007940,0
1654077600000,31696.00000000,31709.99000000,31597.93000000,31636.62000000,533.80419000,1654078499999,16891944.40261980,9466,176.71122000,5590685.73385330,0
1654078500000,31636.63000000,31638.85000000,31582.77000000,31592.98000000,265.21820000,1654079399999,8382994.51694990,5876,101.06354000,3194182.58882620,0
1654079400000,31592.98000000,31607.47000000,31540.46000000,31569.51000000,316.39719000,1654080299999,9990766.84920280,6946,124.81722000,3941005.86803600,0
1654080300000,31569.51000000,31570.15000000,31546.94000000,31553.00000000,283.68900000,1654081199999,8953498.36366260,6298,110.29765000,3481041.43876880,0
1654081200000,31552.99000000,31664.62000000,31539.73000000,31661.83000000,362.14990000,1654082099999,11441063.63641960,8164,193.09890000,6102151.57797580,0
1654082100000,31661.83000000,31670.69000000,31444.00000000,31515.95000000,837.18035000,1654082999999,26394253.36168040,13925,337.60440000,10644653.64376090,0
1654083000000,31515.94000000,31586.76000000,31452.72000000,31462.60000000,630.90323000,1654083899999,19882445.87671330,11932,240.04516000,7566067.85854880,0
1654083900000,31462.61000000,31626.70000000,31448.80000000,31609.16000000,574.98382000,1654084799999,18139309.57319770,10383,359.43026000,11339660.83858190,0
1654084800000,31609.15000000,31644.07000000,31542.07000000,31559.41000000,493.91096000,1654085699999,15607025.38521500,9328,287.36070000,9081504.53512630,0
1654085700000,31559.42000000,31660.18000000,31533.66000000,31660.17000000,529.40602000,1654086599999,16721548.82973990,8838,314.18791000,9925352.27401100,0
1654086600000,31660.17000000,31828.00000000,31600.86000000,31786.31000000,1046.12195000,1654087499999,33190718.57234170,14981,629.09631000,19959465.97589830,0
1654087500000,31786.31000000,31846.27000000,31701.52000000,31727.65000000,629.06360000,1654088399999,19987882.07747300,12026,323.01697000,10264310.73097560,0
1654088400000,31727.65000000,31835.24000000,31678.46000000,31827.90000000,588.89106000,1654089299999,18701307.61123370,12720,297.44118000,9446935.68457230,0
1654089300000,31827.90000000,31874.24000000,31759.79000000,31841.81000000,713.22003000,1654090199999,22703813.03156420,14479,352.44976000,11218848.62636460,0
1654090200000,31841.81000000,31901.34000000,31713.47000000,31750.80000000,1211.30587000,1654091099999,38529922.20945270,19438,539.60835000,17163268.08448830,0
1654091100000,31750.79000000,31756.36000000,31649.43000000,31739.45000000,915.91462000,1654091999999,29043262.61215470,15406,469.47164000,14886024.74382300,0
1654092000000,31739.44000000,31819.02000000,31540.00000000,31540.01000000,1264.29508000,1654092899999,40018029.43016810,19037,513.44529000,16255447.93986090,0
1654092900000,31540.01000000,31543.04000000,31337.00000000,31356.02000000,1452.96790000,1654093799999,45699213.76597230,23499,648.58895000,20399592.92410740,0
1654093800000,31356.03000000,31410.00000000,30955.00000000,31168.69000000,3007.53811000,1654094699999,93724804.65444080,41015,1362.27083000,42450317.46281410,0
1654094700000,31168.70000000,31320.63000000,31007.16000000,31172.49000000,1476.27469000,1654095599999,46036625.67538270,22945,820.16112000,25574502.51066900,0
1654095600000,31172.48000000,31239.14000000,31058.40000000,31191.15000000,1128.79658000,1654096499999,35165554.88501300,18513,642.87993000,20025696.88154170,0
1654096500000,31191.14000000,31191.15000000,30721.00000000,30918.51000000,3276.15351000,1654097399999,101256376.31177540,37195,1362.59959000,42119376.53333880,0
1654097400000,30918.52000000,30950.00000000,30600.00000000,30785.91000000,4253.90543000,1654098299999,130955523.54486520,42632,1737.88001000,53504294.58920570,0
1654098300000,30785.91000000,30877.25000000,30717.05000000,30742.59000000,1621.26645000,1654099199999,49943932.33969630,20028,797.76914000,24578168.70025270,0
1654099200000,30742.59000000,30744.19000000,30556.07000000,30642.67000000,3663.83915000,1654100099999,112234108.38769680,37217,1431.39867000,43859851.17246320,0
1654100100000,30642.67000000,30669.73000000,30398.30000000,30404.82000000,4741.35785000,1654100999999,144822923.25619030,40185,1496.26454000,45704411.38065670,0
1654101000000,30404.82000000,30501.00000000,30304.99000000,30416.25000000,4232.99837000,1654101899999,128624471.95058210,42613,2649.33168000,80469011.23063200,0
1654101900000,30416.25000000,30460.86000000,30291.67000000,30419.62000000,1489.20036000,1654102799999,45256669.16028950,19307,795.68798000,24185140.42127290,0
1654102800000,30419.62000000,30429.71000000,30100.00000000,30270.87000000,2572.48361000,1654103699999,77798520.44078140,31547,1055.72908000,31944739.39575490,0
1654103700000,30270.87000000,30291.27000000,29901.29000000,30059.81000000,5825.93625000,1654104599999,175390046.81378000,70648,1777.23499000,53457208.38408230,0
1654104600000,30059.80000000,30241.66000000,29986.20000000,30145.61000000,1779.33313000,1654105499999,53542515.14025560,25666,958.41338000,28837860.79042110,0
1654105500000,30145.62000000,30228.63000000,30062.89000000,30179.67000000,1340.70841000,1654106399999,40426480.70967630,17523,587.28841000,17707140.59432780,0
1654106400000,30179.68000000,30270.36000000,30132.20000000,30206.50000000,1236.25557000,1654107299999,37339638.24228210,17316,669.48875000,20219538.81910020,0
1654107300000,30206.51000000,30405.00000000,30125.52000000,30337.09000000,1431.14531000,1654108199999,43335428.48019620,19164,819.61777000,24819004.76076850,0
1654108200000,30337.09000000,30445.00000000,30213.89000000,30425.89000000,1307.86344000,1654109099999,39704252.39659660,19101,662.96161000,20127390.95080690,0
1654109100000,30425.88000000,30433.41000000,30119.41000000,30167.69000000,1578.96682000,1654109999999,47813558.43598040,17998,742.93349000,22499522.40549680,0
1654110000000,30167.69000000,30232.97000000,30007.04000000,30216.40000000,1294.48558000,1654110899999,39001640.51282970,18548,586.15446000,17659203.20873310,0
1654110900000,30216.39000000,30310.89000000,30132.64000000,30171.54000000,937.31025000,1654111799999,28334054.45430240,13917,435.04509000,13150590.16431590,0
1654111800000,30171.54000000,30351.74000000,30149.98000000,30311.37000000,1091.20398000,1654112699999,32978996.52896190,14376,625.93998000,18918208.19727570,0
1654112700000,30311.37000000,30321.12000000,30002.92000000,30126.72000000,3412.20857000,1654113599999,102807246.06031370,22067,2052.22444000,61772799.09837000,0
1654113600000,30126.71000000,30162.44000000,30000.00000000,30033.58000000,2727.40348000,1654114499999,81907384.97671090,22062,938.48527000,28190867.50079570,0
1654114500000,30033.58000000,30060.82000000,29515.00000000,29623.21000000,4251.42207000,1654115399999,127044046.83774190,40053,1176.53826000,35110015.64306290,0
1654115400000,29623.21000000,29630.25000000,29301.00000000,29512.25000000,3516.46430000,1654116299999,103698186.20979670,36977,1765.56137000,52071087.74046620,0
1654116300000,29512.25000000,29734.58000000,29488.00000000,29636.09000000,2926.25880000,1654117199999,86591693.31638480,24156,1752.43826000,51815678.29573200,0
1654117200000,29636.10000000,29772.15000000,29600.00000000,29742.51000000,790.97324000,1654118099999,23502478.67154640,12800,388.60800000,11544801.57018050,0
1654118100000,29742.51000000,29748.63000000,29666.15000000,29710.24000000,399.76519000,1654118999999,11876085.76468750,8020,159.85040000,4748374.15785550,0
1654119000000,29710.24000000,29723.67000000,29624.99000000,29723.66000000,346.80002000,1654119899999,10289597.29445870,8176,152.90365000,4536769.10405210,0
1654119900000,29723.66000000,29723.67000000,29576.72000000,29592.93000000,476.26986000,1654120799999,14118740.87832870,8936,143.45413000,4253053.35416140,0
1654120800000,29592.92000000,29622.16000000,29519.58000000,29545.36000000,658.58689000,1654121699999,19467967.91310430,10105,319.23350000,9435578.63533390,0
1654121700000,29545.37000000,29693.76000000,29528.04000000,29693.76000000,481.47783000,1654122599999,14264934.81741120,7759,245.50062000,7272864.21144750,0
1654122600000,29693.76000000,29749.03000000,29654.63000000,29726.90000000,513.85208000,1654123499999,15257501.56217540,8687,265.44101000,7881319.91352140,0
1654123500000,29726.90000000,29769.61000000,29717.02000000,29747.16000000,437.94489000,1654124399999,13024598.12402720,7778,239.18257000,7113106.25953950,0
1654124400000,29747.17000000,30074.95000000,29728.80000000,29915.36000000,1710.35688000,1654125299999,51230128.24686330,17865,930.82450000,27871969.04941820,0
1654125300000,29915.36000000,29963.12000000,29803.79000000,29917.14000000,876.76740000,1654126199999,26210094.07465150,10259,412.94986000,12344128.81682640,0
1654126200000,29917.14000000,29927.32000000,29811.09000000,29826.78000000,512.58711000,1654127099999,15311679.63669960,6857,203.36102000,6073378.61796890,0
1654127100000,29826.79000000,29861.50000000,29777.62000000,29805.83000000,550.42021000,1654127999999,16408540.07155050,8391,319.45655000,9523591.00432690,0
1654128000000,29805.84000000,29814.26000000,29693.79000000,29704.00000000,643.05602000,1654128899999,19125169.54377260,12582,281.10722000,8359098.10957190,0
1654128900000,29704.00000000,29769.93000000,29616.40000000,29769.92000000,745.29521000,1654129799999,22127984.80304680,11985,390.78426000,11602479.10027790,0
1654129800000,29769.92000000,29784.24000000,29594.55000000,29679.55000000,752.70000000,1654130699999,22341672.02829880,12394,324.61694000,9634215.38907740,0
1654130700000,29679.54000000,29817.89000000,29628.83000000,29680.00000000,685.57810000,1654131599999,20378687.33572300,12319,352.87293000,10490074.27633530,0
1654131600000,29680.01000000,29807.06000000,29640.18000000,29796.42000000,465.57556000,1654132499999,13845218.03761860,11661,249.53530000,7418615.26524080,0
1654132500000,29796.43000000,29825.63000000,29753.43000000,29769.32000000,450.28841000,1654133399999,13412657.30844150,9057,235.19828000,7005949.34795090,0
1654133400000,29769.31000000,29888.02000000,29748.69000000,29833.46000000,476.39228000,1654134299999,14203329.10675030,8832,246.85285000,7359179.18270190,0
1654134300000,29833.45000000,29882.89000000,29811.09000000,29811.89000000,350.18493000,1654135199999,10452318.35264120,7251,195.54222000,5836249.94602130,0
1654135200000,29811.90000000,29855.30000000,29778.12000000,29855.29000000,326.59996000,1654136099999,9738093.11669360,6890,194.74678000,5806988.17556680,0
1654136100000,29855.29000000,29861.57000000,29820.00000000,29833.17000000,264.72162000,1654136999999,7900382.02506100,6126,127.41523000,3802472.98708490,0
1654137000000,29833.18000000,29903.74000000,29783.87000000,29845.63000000,387.71344000,1654137899999,11569920.10635800,8214,209.28491000,6245398.54630280,0
1654137900000,29845.62000000,29862.95000000,29792.20000000,29826.16000000,313.29605000,1654138799999,9341944.34471340,7631,149.05576000,4444294.67385670,0
1654138800000,29826.16000000,29856.93000000,29758.19000000,29776.78000000,409.22275000,1654139699999,12199710.06611610,7674,179.05595000,5338394.88843780,0
1654139700000,29776.79000000,29844.67000000,29747.06000000,29789.30000000,482.37643000,1654140599999,14372799.71443600,9133,227.19579000,6768697.34263090,0
1654140600000,29789.30000000,29809.45000000,29729.20000000,29773.65000000,383.06785000,1654141499999,11404859.61977610,8319,182.95533000,5447388.04742230,0
1654141500000,29773.64000000,29783.08000000,29703.05000000,29730.12000000,415.93183000,1654142399999,12366422.16170820,8968,160.53525000,4772677.55131960,0
1654142400000,29730.12000000,29774.67000000,29680.70000000,29683.58000000,452.17169000,1654143299999,13440589.32225650,9358,202.36871000,6015165.96077690,0
1654143300000,29683.58000000,29753.09000000,29650.93000000,29749.61000000,264.06610000,1654144199999,7846528.09717000,7484,138.62278000,4119197.37550380,0
1654144200000,29749.62000000,29824.11000000,29749.61000000,29807.58000000,241.10230000,1654145099999,7183019.91453860,7340,130.08202000,3875224.16552930,0
1654145100000,29807.59000000,29819.42000000,29791.36000000,29817.24000000,265.77537000,1654145999999,7921702.50215580,7538,128.55946000,3831769.70135010,0
1654146000000,29817.24000000,29819.86000000,29702.58000000,29703.69000000,388.84387000,1654146899999,11572268.99813850,9367,120.93580000,3598885.16805540,0
1654146900000,29703.69000000,29753.32000000,29683.82000000,29744.31000000,374.94569000,1654147799999,11141137.51934930,10718,236.24525000,7020041.18672900,0
1654147800000,29744.31000000,29873.26000000,29744.30000000,29863.07000000,372.11405000,1654148699999,11092490.88670270,10184,223.72889000,6669125.33029590,0
1654148700000,29863.06000000,29885.29000000,29831.05000000,29875.72000000,409.88093000,1654149599999,12241594.78338900,9151,213.97451000,6390223.91589430,0
1654149600000,29875.72000000,29883.93000000,29863.59000000,29870.50000000,217.86870000,1654150499999,6508561.10585200,6492,117.53799000,3511151.57652430,0
1654150500000,29870.49000000,29870.50000000,29826.28000000,29834.95000000,177.54452000,1654151399999,5298409.07193790,7144,76.69098000,2288580.69040640,0
1654151400000,29834.95000000,29863.49000000,29806.79000000,29863.49000000,330.40569000,1654152299999,9856416.49912190,7911,180.18941000,5375806.93179430,0
1654152300000,29863.49000000,29951.73000000,29863.48000000,29915.24000000,487.47313000,1654153199999,14582979.64992160,10551,253.23948000,7575939.35168080,0
1654153200000,29915.24000000,29991.75000000,29915.06000000,29924.28000000,513.03691000,1654154099999,15362394.06059940,13122,286.02826000,8564662.74009620,0
1654154100000,29924.28000000,30123.35000000,29901.01000000,30068.52000000,1169.16238000,1654154999999,35087727.94005400,18977,670.21641000,20115043.18471960,0
1654155000000,30068.51000000,30087.02000000,29960.71000000,30010.72000000,728.62624000,1654155899999,21866069.72043880,14345,343.05409000,10293990.19030910,0
1654155900000,30010.73000000,30010.73000000,29963.20000000,29968.26000000,401.70288000,1654156799999,12042938.76764510,9971,183.47946000,5500110.55063160,0
1654156800000,29968.27000000,29995.72000000,29914.14000000,29959.82000000,406.35267000,1654157699999,12174580.84504890,8955,199.69249000,5982869.89527630,0
1654157700000,29959.82000000,30020.84000000,29944.35000000,29970.75000000,523.04678000,1654158599999,15684446.68508400,9897,275.18995000,8251192.10301040,0
1654158600000,29970.76000000,30005.60000000,29943.43000000,29949.75000000,300.67551000,1654159499999,9009053.21126220,7699,135.54365000,4061083.10970910,0
1654159500000,29949.75000000,29978.91000000,29938.47000000,29938.48000000,278.51232000,1654160399999,8343662.94322340,7267,135.20185000,4050360.83150210,0
1654160400000,29938.47000000,29963.86000000,29917.35000000,29958.94000000,382.71496000,1654161299999,11457771.03015720,8096,191.00231000,5717602.22268520,0
1654161300000,29958.95000000,29994.69000000,29947.50000000,29994.69000000,292.29951000,1654162199999,8760341.74690580,7490,163.17120000,4890278.34815030,0
1654162200000,29994.68000000,30019.23000000,29871.00000000,29915.75000000,495.91757000,1654163099999,14846411.96387600,11263,197.27827000,5905651.02298000,0
1654163100000,29915.75000000,29961.08000000,29898.71000000,29934.50000000,297.30260000,1654163999999,8898700.68590940,7375,158.55080000,4745354.02734370,0
1654164000000,29934.50000000,29973.32000000,29934.50000000,29973.32000000,229.70111000,1654164899999,6880598.44126120,7820,119.43126000,3577403.00752150,0
1654164900000,29973.32000000,29976.76000000,29911.14000000,29916.18000000,283.82168000,1654165799999,8496760.83874620,8921,123.18439000,3687506.51812400,0
1654165800000,29916.18000000,30068.55000000,29910.72000000,30067.18000000,485.22003000,1654166699999,14553644.21849490,11859,255.92892000,7677308.62979550,0
1654166700000,30067.19000000,30171.82000000,29865.00000000,30034.37000000,1139.96486000,1654167599999,34209807.81991740,21939,574.18182000,17231551.30810130,0
1654167600000,30034.37000000,30036.65000000,29961.04000000,30028.01000000,416.89822000,1654168499999,12503651.80125720,10737,177.03165000,5308868.07925190,0
1654168500000,30028.01000000,30113.24000000,29986.44000000,30104.07000000,600.60489000,1654169399999,18046785.03038180,11836,305.91733000,9192681.57150670,0
1654169400000,30104.07000000,30121.96000000,30043.40000000,30087.49000000,384.67499000,1654170299999,11569830.18221410,9035,175.14161000,5267298.43494490,0
1654170300000,30087.50000000,30210.18000000,30071.60000000,30173.67000000,834.21040000,1654171199999,25148051.50292900,12670,538.31687000,16226374.54228150,0
1654171200000,30173.66000000,30186.64000000,30099.09000000,30110.28000000,477.78161000,1654172099999,14399110.74330790,8979,221.87499000,6686688.59144880,0
1654172100000,30110.27000000,30167.27000000,30083.34000000,30116.99000000,596.46635000,1654172999999,17965238.11407920,9950,320.21949000,9644489.42595980,0
1654173000000,30117.00000000,30145.36000000,30051.36000000,30071.18000000,448.85522000,1654173899999,13509275.40075040,9330,210.41154000,6332319.01100660,0
1654173900000,30071.19000000,30132.25000000,30055.03000000,30089.29000000,366.49533000,1654174799999,11028556.00398490,8334,201.33319000,6058762.58700130,0
1654174800000,30089.29000000,30098.76000000,29715.31000000,29755.08000000,1487.37534000,1654175699999,44497781.99211800,21350,593.80598000,17764717.39311320,0
1654175700000,29755.09000000,29915.77000000,29597.01000000,29847.72000000,1866.80577000,1654176599999,55449689.29718770,28812,930.53423000,27647083.74993980,0
1654176600000,29847.73000000,30251.96000000,29714.16000000,30217.86000000,2964.22130000,1654177499999,88747184.06164020,37028,1561.99040000,46779608.88927960,0
1654177500000,30217.86000000,30230.22000000,29762.30000000,29895.28000000,1910.69198000,1654178399999,57296700.60044020,28891,822.71499000,24672605.11952170,0
1654178400000,29895.29000000,30144.93000000,29855.89000000,30076.22000000,1683.94741000,1654179299999,50506563.30561350,24129,889.30522000,26672295.29177450,0
1654179300000,30076.22000000,30121.04000000,29768.27000000,29867.95000000,1473.13033000,1654180199999,44056903.56553720,23207,622.83407000,18627890.88289150,0
1654180200000,29867.95000000,29999.00000000,29828.89000000,29983.75000000,1020.72142000,1654181099999,30532186.04951080,17967,534.50195000,15987956.05478590,0
1654181100000,29983.74000000,30080.55000000,29915.39000000,30052.08000000,1086.99689000,1654181999999,32602114.98476580,17379,674.50909000,20230739.96254860,0
1654182000000,30052.08000000,30233.86000000,30040.97000000,30210.09000000,1389.28950000,1654182899999,41888592.37299320,23114,788.66170000,23777907.88918900,0
1654182900000,30210.10000000,30360.46000000,30141.63000000,30301.85000000,1075.36342000,1654183799999,32540270.27229290,19022,555.07773000,16798838.39873880,0
1654183800000,30301.85000000,30387.84000000,30204.17000000,30313.50000000,921.70357000,1654184699999,27915304.55411610,15219,471.49382000,14279643.32221530,0
1654184700000,30313.49000000,30355.98000000,30177.41000000,30212.73000000,809.87269000,1654185599999,24530342.79989750,14663,349.30063000,10580299.87434690,0
1654185600000,30212.73000000,30357.10000000,30184.72000000,30343.21000000,729.81773000,1654186499999,22083656.26958250,12737,388.52675000,11757530.97024120,0
1654186500000,30343.20000000,30408.54000000,30187.38000000,30260.69000000,738.14693000,1654187399999,22367890.88062160,13863,295.28103000,8947380.33626820,0
1654187400000,30260.69000000,30354.74000000,30221.70000000,30304.80000000,626.94853000,1654188299999,18985182.84039920,11669,359.58636000,10888644.70530630,0
1654188300000,30304.81000000,30332.20000000,30226.52000000,30294.44000000,599.46597000,1654189199999,18148635.07551840,11171,255.75380000,7742941.95288350,0
1654189200000,30294.45000000,30353.51000000,30232.44000000,30266.91000000,520.58281000,1654190099999,15776921.68226010,10594,250.85773000,7601807.18835180,0
1654190100000,30266.92000000,30294.43000000,30202.98000000,30248.60000000,532.13966000,1654190999999,16092814.06923960,8893,212.91386000,6439958.10963930,0
1654191000000,30248.59000000,30288.54000000,30176.11000000,30223.80000000,548.70262000,1654191899999,16590051.98360720,10140,290.84221000,8793274.79410220,0
1654191900000,30223.80000000,30254.53000000,30166.42000000,30193.95000000,561.06526000,1654192799999,16948381.98515880,9634,297.19384000,8976461.74674800,0
1654192800000,30193.95000000,30283.13000000,30166.56000000,30280.23000000,378.69103000,1654193699999,11443978.82656810,8424,198.17896000,5988674.34260450,0
1654193700000,30280.23000000,30330.00000000,30219.09000000,30232.95000000,420.99753000,1654194599999,12751209.41689090,9673,189.37064000,5736424.07339440,0
1654194600000,30232.95000000,30258.96000000,30191.67000000,30216.57000000,253.48653000,1654195499999,7663033.36445160,7259,123.77611000,3741458.88129790,0
1654195500000,30216.56000000,30230.61000000,29977.45000000,30138.75000000,924.54282000,1654196399999,27839315.19595430,16251,418.41308000,12600258.94589200,0
1654196400000,30138.74000000,30163.48000000,30080.89000000,30131.01000000,416.43122000,1654197299999,12540657.53628370,9474,205.60137000,6190780.54535700,0
1654197300000,30131.01000000,30200.00000000,30068.96000000,30143.84000000,502.01389000,1654198199999,15125081.17408550,10197,253.17025000,7627298.93144010,0
1654198200000,30143.84000000,30227.76000000,30131.03000000,30227.76000000,337.11007000,1654199099999,10175379.21100300,8155,174.49268000,5266945.03983570,0
1654199100000,30227.76000000,30301.14000000,30194.97000000,30293.01000000,493.11606000,1654199999999,14921109.73978560,9884,263.68268000,7977640.13398060,0
1654200000000,30293.00000000,30389.56000000,30258.66000000,30314.48000000,337.72191000,1654200899999,10240796.31604310,9411,173.23325000,5253100.20301300,0
1654200900000,30314.49000000,30337.48000000,30305.83000000,30313.98000000,249.77090000,1654201799999,7572371.78136050,6248,119.96554000,3636892.05725180,0
1654201800000,30313.98000000,30330.95000000,30270.97000000,30323.22000000,228.25439000,1654202699999,6914080.85600020,6194,127.48645000,3861660.29353700,0
1654202700000,30323.22000000,30323.23000000,30243.15000000,30243.74000000,479.57473000,1654203599999,14526594.62720200,6873,147.59894000,4469554.10766140,0
1654203600000,30243.74000000,30295.47000000,30235.70000000,30282.52000000,178.49277000,1654204499999,5401626.52411530,5756,92.39499000,2795965.89232980,0
1654204500000,30282.53000000,30325.19000000,30271.44000000,30318.47000000,159.57423000,1654205399999,4834155.56556270,5482,92.88153000,2813968.80123790,0
1654205400000,30318.47000000,30377.71000000,30287.51000000,30303.79000000,164.31307000,1654206299999,4983805.58783820,6842,87.77204000,2662281.98990640,0
1654206300000,30303.79000000,30382.69000000,30279.43000000,30367.37000000,188.87495000,1654207199999,5729424.79212980,6209,114.62407000,3476992.28046420,0
1654207200000,30367.37000000,30689.00000000,30324.10000000,30476.77000000,1767.12714000,1654208099999,53985751.31642530,24471,1056.95612000,32287637.01071980,0
1654208100000,30476.78000000,30572.88000000,30413.80000000,30440.41000000,737.43628000,1654208999999,22483175.45675770,12023,364.72344000,11119422.99828340,0
1654209000000,30440.42000000,30595.26000000,30399.40000000,30558.22000000,549.52775000,1654209899999,16764448.04372730,10207,277.61311000,8470452.89852970,0
1654209900000,30558.23000000,30570.45000000,30481.12000000,30482.95000000,372.12172000,1654210799999,11357571.00543700,7806,172.34544000,5260038.65821650,0
1654210800000,30482.95000000,30584.62000000,30473.57000000,30570.79000000,507.70448000,1654211699999,15501949.65220610,9127,292.59345000,8933120.91271930,0
1654211700000,30570.80000000,30642.79000000,30533.60000000,30642.78000000,457.38941000,1654212599999,13990037.25687250,8278,247.62661000,7574523.59104220,0
1654212600000,30642.78000000,30642.79000000,30517.61000000,30528.26000000,365.28584000,1654213499999,11168685.70732620,7070,175.62803000,5369350.69391610,0
1654213500000,30528.25000000,30534.22000000,30433.05000000,30452.62000000,356.64393000,1654214399999,10869222.87615140,7246,148.93982000,4538728.37255610,0
1654214400000,30452.63000000,30480.00000000,30383.67000000,30400.67000000,486.07266000,1654215299999,14785942.99673660,9737,210.79872000,6412333.98417700,0
1654215300000,30400.67000000,30515.20000000,30359.54000000,30472.32000000,615.64056000,1654216199999,18747427.43351970,9562,367.94245000,11205519.22073420,0
1654216200000,30472.32000000,30500.98000000,30385.43000000,30391.14000000,343.13049000,1654217099999,10449493.54318840,7813,141.15386000,4298186.82676190,0
1654217100000,30391.13000000,30434.29000000,30371.06000000,30401.53000000,310.84677000,1654217999999,9452167.87233170,6508,140.02978000,4257851.49251030,0
1654218000000,30401.53000000,30510.54000000,30384.92000000,30481.13000000,409.46455000,1654218899999,12464543.00848940,7799,235.34445000,7164645.92567380,0
1654218900000,30481.13000000,30497.00000000,30464.20000000,30493.17000000,286.94720000,1654219799999,8747087.44201960,5785,154.63956000,4713773.48996280,0
1654219800000,30493.16000000,30699.00000000,30430.29000000,30612.90000000,945.83806000,1654220699999,28916524.54462210,13609,571.89470000,17487380.67928440,0
1654220700000,30612.91000000,30647.60000000,30536.78000000,30628.38000000,424.76989000,1654221599999,12994641.53714360,10000,216.53412000,6623903.32144230,0
1654221600000,30628.39000000,30667.33000000,30588.00000000,30589.65000000,282.95857000,1654222499999,8666719.56725370,7677,123.05204000,3769180.22723710,0
1654222500000,30589.65000000,30600.06000000,30562.79000000,30579.54000000,223.06656000,1654223399999,6821673.64469260,6574,111.49245000,3409369.04267240,0
1654223400000,30579.54000000,30599.90000000,30539.96000000,30572.31000000,364.91879000,1654224299999,11154065.43365470,7223,207.77356000,6350783.62514210,0
1654224300000,30572.30000000,30572.31000000,30532.34000000,30549.76000000,234.59954000,1654225199999,7166600.22315840,5675,110.79670000,3384395.88182020,0
1654225200000,30549.77000000,30562.15000000,30513.87000000,30514.39000000,252.84720000,1654226099999,7721377.98827510,5996,135.37599000,4134120.85734470,0
1654226100000,30514.40000000,30524.78000000,30469.02000000,30484.13000000,325.23090000,1654226999999,9917535.01951830,6871,175.71993000,5358046.29028130,0
1654227000000,30484.13000000,30544.72000000,30468.17000000,30492.99000000,312.40043000,1654227899999,9529423.43447580,6848,169.65699000,5175038.18626030,0
1654227900000,30492.98000000,30542.07000000,30487.87000000,30529.96000000,225.43083000,1654228799999,6877386.37266960,5752,119.39215000,3642425.14068270,0
1654228800000,30529.96000000,30547.20000000,30427.61000000,30475.88000000,381.76350000,1654229699999,11644904.57397090,8552,182.69863000,5573955.22271640,0
1654229700000,30475.87000000,30487.72000000,30448.97000000,30487.61000000,278.97182000,1654230599999,8500063.81286730,6676,153.70693000,4683318.90761300,0
1654230600000,30487.61000000,30519.17000000,30463.46000000,30496.50000000,260.67582000,1654231499999,7948436.71875020,5943,130.48081000,3978500.62018460,0
1654231500000,30496.50000000,30509.78000000,30422.62000000,30425.00000000,277.73212000,1654232399999,8461535.60587320,6556,122.83326000,3742317.71718990,0
1654232400000,30425.01000000,30473.66000000,30413.08000000,30467.56000000,242.67702000,1654233299999,7388607.10223610,5727,132.98303000,4048617.40889960,0
1654233300000,30467.56000000,30549.94000000,30457.06000000,30537.49000000,313.36154000,1654234199999,9555721.49981170,6986,179.23587000,5465929.18170720,0
1654234200000,30537.49000000,30555.00000000,30522.13000000,30540.18000000,239.79055000,1654235099999,7323249.19535410,6235,110.85271000,3385280.16178520,0
1654235100000,30540.18000000,30561.32000000,30510.01000000,30540.64000000,247.24318000,1654235999999,7550034.63465480,6230,110.52730000,3375157.85099510,0
1654236000000,30540.64000000,30543.95000000,30511.32000000,30511.99000000,235.11109000,1654236899999,7176480.64282000,6017,98.65909000,3011358.66075040,0
1654236900000,30511.99000000,30512.00000000,30444.57000000,30468.69000000,274.29126000,1654237799999,8358612.89773600,6433,119.26566000,3633820.91552510,0
1654237800000,30468.70000000,30492.25000000,30455.00000000,30473.27000000,168.22657000,1654238699999,5126430.49220210,5294,78.50082000,2392048.38425370,0
1654238700000,30473.26000000,30501.20000000,30363.07000000,30363.08000000,357.83736000,1654239599999,10888655.34994720,8232,113.67704000,3459973.57247250,0
1654239600000,30363.07000000,30414.08000000,30282.29000000,30414.07000000,598.72506000,1654240499999,18169534.09328190,11183,300.82042000,9129906.59980240,0
1654240500000,30414.07000000,30434.48000000,30347.15000000,30405.07000000,428.76637000,1654241399999,13030294.87032440,8248,223.38916000,6788598.71100660,0
1654241400000,30405.06000000,30467.17000000,30367.24000000,30452.50000000,431.18571000,1654242299999,13109943.15135530,8123,231.74035000,7045499.92617040,0
1654242300000,30452.49000000,30489.71000000,30434.12000000,30443.74000000,349.01100000,1654243199999,10629656.28665310,7450,136.02126000,4142131.42187430,0
1654243200000,30443.70000000,30529.07000000,30393.46000000,30507.20000000,686.94965000,1654244099999,20932915.14083200,10076,353.01475000,10759105.85964680,0
1654244100000,30507.19000000,30522.94000000,30466.53000000,30475.92000000,286.08302000,1654244999999,8724155.14615690,7593,112.76090000,3438588.00366370,0
1654245000000,30475.91000000,30520.00000000,30417.09000000,30417.10000000,289.56065000,1654245899999,8823003.77456750,7321,128.17905000,3906313.48445360,0
1654245900000,30417.09000000,30442.19000000,30417.09000000,30440.97000000,274.08418000,1654246799999,8340120.23813600,6890,141.13010000,4294267.75816200,0
1654246800000,30440.97000000,30475.48000000,30340.00000000,30340.82000000,414.20461000,1654247699999,12595494.92361660,10292,175.93448000,5351071.23326000,0
1654247700000,30340.82000000,30368.60000000,30183.89000000,30230.94000000,1076.74246000,1654248599999,32572746.75919350,19349,501.87389000,15181073.46133430,0
1654248600000,30230.94000000,30253.65000000,30164.94000000,30199.84000000,618.68376000,1654249499999,18685794.32785590,13658,309.00223000,9332062.27057370,0
1654249500000,30199.84000000,30288.07000000,30156.41000000,30250.00000000,689.96331000,1654250399999,20863305.54400780,12153,350.71804000,10605469.44723080,0
1654250400000,30249.99000000,30268.05000000,30131.05000000,30133.08000000,510.43635000,1654251299999,15414177.37075950,10582,255.42582000,7714061.35462540,0
1654251300000,30133.07000000,30163.56000000,29944.76000000,30004.30000000,1586.44442000,1654252199999,47653930.29139910,21533,616.49861000,18518319.77996970,0
1654252200000,30004.30000000,30005.92000000,29794.00000000,29809.39000000,1196.03636000,1654253099999,35752752.94820930,19302,508.94257000,15215105.15720430,0
1654253100000,29809.40000000,29877.61000000,29745.37000000,29821.30000000,927.88027000,1654253999999,27660422.58110040,16868,426.13574000,12701268.63051260,0
1654254000000,29821.30000000,29883.90000000,29682.18000000,29756.10000000,1098.19417000,1654254899999,32678376.71945140,16918,445.57725000,13262828.34286470,0
1654254900000,29756.09000000,29802.58000000,29687.10000000,29761.42000000,654.89684000,1654255799999,19487666.79760430,12685,358.45390000,10665612.47163240,0
1654255800000,29761.43000000,29954.67000000,29726.55000000,29748.01000000,920.36194000,1654256699999,27452343.70987510,17478,464.27400000,13848627.22959480,0
1654256700000,29748.01000000,29805.13000000,29680.00000000,29758.19000000,851.23389000,1654257599999,25320505.90216530,15042,431.46280000,12834597.97424460,0
1654257600000,29758.20000000,29844.67000000,29727.17000000,29833.51000000,643.54548000,1654258499999,19167075.67004660,11672,370.78664000,11042727.34059070,0
1654258500000,29833.51000000,29852.17000000,29686.23000000,29757.59000000,872.06085000,1654259399999,25947394.98770740,13509,425.26827000,12653648.12514800,0
1654259400000,29757.59000000,29889.49000000,29525.42000000,29588.01000000,3184.34840000,1654260299999,94611864.57856350,38446,1502.94406000,44657428.45861010,0
1654260300000,29588.01000000,29669.89000000,29486.10000000,29531.45000000,1814.21679000,1654261199999,53654184.92726520,21002,818.90826000,24223719.57847600,0
1654261200000,29531.35000000,29656.00000000,29439.71000000,29592.13000000,1413.46029000,1654262099999,41795470.68475250,19566,686.30369000,20294653.90388880,0
1654262100000,29592.13000000,29694.22000000,29578.04000000,29578.05000000,954.50652000,1654262999999,28284188.35245560,13938,418.70216000,12407922.63744420,0
1654263000000,29578.04000000,29773.50000000,29542.20000000,29606.21000000,1847.67908000,1654263899999,54847202.05261820,25800,902.34522000,26783193.19079210,0
1654263900000,29606.21000000,29730.00000000,29567.71000000,29722.17000000,1344.56763000,1654264799999,39845184.84655930,17156,702.61517000,20823382.17231610,0
1654264800000,29722.18000000,29767.62000000,29592.00000000,29667.86000000,1190.35077000,1654265699999,35321969.39151640,16352,568.70778000,16875209.23102290,0
1654265700000,29667.86000000,29667.86000000,29565.51000000,29598.37000000,810.10583000,1654266599999,23981911.27836660,13787,451.55066000,13365668.59219520,0
1654266600000,29598.37000000,29645.39000000,29345.00000000,29413.74000000,1437.40205000,1654267499999,42375600.09376040,20154,644.71965000,19001704.61620810,0
1654267500000,29413.73000000,29526.39000000,29282.36000000,29478.65000000,1590.46288000,1654268399999,46773093.12134700,21587,815.15031000,23978807.53888290,0
1654268400000,29478.65000000,29478.65000000,29339.63000000,29363.42000000,818.29720000,1654269299999,24055813.44463080,13411,388.40079000,11417444.16233600,0
1654269300000,29363.42000000,29482.38000000,29358.75000000,29478.22000000,552.80708000,1654270199999,16269603.40278300,10417,300.49545000,8842741.31519890,0
1654270200000,29478.22000000,29576.35000000,29452.43000000,29467.91000000,823.83962000,1654271099999,24321830.72228630,11860,490.71672000,14488262.55014470,0
1654271100000,29467.91000000,29526.15000000,29429.09000000,29506.24000000,483.26487000,1654271999999,14245477.67697190,8971,269.79233000,7952640.68069010,0
1654272000000,29506.25000000,29542.11000000,29450.02000000,29493.65000000,474.01524000,1654272899999,13982204.83402570,11094,218.06003000,6431440.99564920,0
1654272900000,29493.65000000,29520.06000000,29401.00000000,29463.77000000,490.37818000,1654273799999,14441642.75305900,10694,278.43668000,8199590.60038540,0
1654273800000,29463.76000000,29553.99000000,29448.66000000,29502.22000000,448.14349000,1654274699999,13222143.02462790,10354,207.57518000,6123499.23193260,0
1654274700000,29502.23000000,29558.16000000,29471.50000000,29544.18000000,398.88274000,1654275599999,11776082.19156080,9525,213.40923000,6300049.11726100,0
1654275600000,29544.19000000,29677.14000000,29485.37000000,29500.01000000,870.15915000,1654276499999,25734028.16974920,16800,376.07689000,11126208.00797770,0
1654276500000,29500.00000000,29541.95000000,29465.40000000,29520.35000000,452.17602000,1654277399999,13341214.17907790,8989,175.60374000,5180863.24200460,0
1654277400000,29520.35000000,29568.10000000,29441.71000000,29453.96000000,693.92220000,1654278299999,20482833.60490370,9209,345.76246000,10208824.05153340,0
1654278300000,29453.95000000,29529.62000000,29436.30000000,29507.86000000,299.22352000,1654279199999,8826245.04866840,8523,153.47906000,4527151.70973230,0
1654279200000,29507.85000000,29535.22000000,29468.38000000,29487.64000000,350.96430000,1654280099999,10354243.92093470,8373,154.40774000,4554908.46069740,0
1654280100000,29487.65000000,29560.00000000,29465.40000000,29560.00000000,344.66130000,1654280999999,10177285.77499700,8346,213.16011000,6294499.35600540,0
1654281000000,29559.99000000,29560.00000000,29517.42000000,29547.34000000,254.81140000,1654281899999,7528343.32542040,8092,131.07558000,3872611.05761340,0
1654281900000,29547.35000000,29557.60000000,29504.75000000,29549.97000000,311.15998000,1654282799999,9188994.20304570,6978,168.14816000,4965740.70136710,0
1654282800000,29549.97000000,29609.19000000,29526.15000000,29547.65000000,467.53619000,1654283699999,13822173.25349550,8443,277.99900000,8217626.43969640,0
1654283700000,29547.65000000,29566.95000000,29491.09000000,29566.95000000,291.99665000,1654284599999,8620467.34294630,7671,149.80868000,4422734.53625350,0
1654284600000,29566.94000000,29585.34000000,29510.00000000,29579.83000000,304.65900000,1654285499999,9003964.33923350,6668,163.89866000,4843289.48364510,0
1654285500000,29579.83000000,29620.00000000,29560.41000000,29572.52000000,311.68805000,1654286399999,9222865.64622150,7218,152.72840000,4518947.34909430,0
1654286400000,29572.52000000,29650.60000000,29558.30000000,29614.14000000,336.25851000,1654287299999,9958737.37398640,8346,180.37041000,5341201.01525760,0
1654287300000,29614.15000000,29650.60000000,29598.04000000,29626.51000000,158.69674000,1654288199999,4699788.89201530,5777,82.64192000,2447435.56577380,0
1654288200000,29626.51000000,29673.84000000,29615.59000000,29661.53000000,211.40922000,1654289099999,6267415.50333870,5629,118.57572000,3515287.50345700,0
1654289100000,29661.52000000,29741.76000000,29641.46000000,29662.43000000,381.15440000,1654289999999,11315177.19483260,9426,223.49154000,6634930.00119000,0
1654290000000,29662.43000000,29728.37000000,29652.24000000,29716.17000000,219.58178000,1654290899999,6517666.51281820,6775,116.18968000,3448531.97996810,0
1654290900000,29716.17000000,29753.03000000,29711.21000000,29740.01000000,199.65516000,1654291799999,5936370.81629780,6771,117.81804000,3503350.85429590,0
1654291800000,29740.01000000,29790.33000000,29712.55000000,29778.08000000,182.27338000,1654292699999,5421027.60201730,7989,91.83218000,2731430.61620530,0
1654292700000,29778.08000000,29863.25000000,29721.43000000,29807.10000000,487.39429000,1654293599999,14529627.86353500,11439,285.75258000,8518685.18399850,0
1654293600000,29807.10000000,29887.56000000,29777.56000000,29854.73000000,527.88987000,1654294499999,15751459.14015060,8457,281.84707000,8409683.63082310,0
1654294500000,29854.72000000,29861.37000000,29802.96000000,29824.11000000,269.22765000,1654295399999,8030333.48381670,6632,129.83275000,3872428.66527710,0
1654295400000,29824.11000000,29824.11000000,29706.44000000,29732.32000000,216.10544000,1654296299999,6433366.63424450,7190,80.83588000,2405954.95516070,0
1654296300000,29732.32000000,29762.12000000,29704.81000000,29730.41000000,194.40468000,1654297199999,5781035.47557180,6184,98.22106000,2920454.69187790,0
1654297200000,29730.41000000,29744.21000000,29690.09000000,29701.97000000,195.85084000,1654298099999,5818794.89711000,5626,82.00264000,2436257.97708340,0
1654298100000,29701.97000000,29707.78000000,29672.29000000,29679.95000000,235.18157000,1654298999999,6982392.98094080,5758,113.73808000,3376407.87308890,0
1654299000000,29679.96000000,29698.92000000,29648.20000000,29691.96000000,213.62950000,1654299899999,6338774.84412930,5951,92.36752000,2740677.18769290,0
1654299900000,29691.95000000,29733.95000000,29661.95000000,29700.21000000,282.15264000,1654300799999,8379901.49145980,6160,154.32366000,4583189.29224290,0
1654300800000,29700.21000000,29753.75000000,29680.36000000,29747.74000000,261.93670000,1654301699999,7783912.00556130,7684,129.38641000,3844887.62550850,0
1654301700000,29747.74000000,29756.95000000,29719.10000000,29752.75000000,152.52001000,1654302599999,4535825.84977780,5198,70.81873000,2105999.64845400,0
1654302600000,29752.76000000,29763.35000000,29721.39000000,29731.86000000,135.68273000,1654303499999,4035799.07313980,4856,65.56702000,1950102.62587890,0
1654303500000,29731.85000000,29731.86000000,29687.02000000,29717.59000000,169.65311000,1654304399999,5039323.11854290,5237,65.08263000,1933256.07205480,0
1654304400000,29717.59000000,29747.13000000,29546.86000000,29591.42000000,625.21847000,1654305299999,18522856.28410010,12185,272.46149000,8072923.58491910,0
1654305300000,29591.43000000,29636.97000000,29570.41000000,29570.41000000,217.09651000,1654306199999,6428383.97998670,5930,106.81879000,3163029.92918190,0
1654306200000,29570.41000000,29614.34000000,29567.48000000,29599.44000000,212.45450000,1654307099999,6286528.50087490,6068,95.93295000,2838362.19484770,0
1654307100000,29599.44000000,29624.57000000,29559.45000000,29584.26000000,240.35216000,1654307999999,7112448.90616010,6153,138.94204000,4111277.11668190,0
1654308000000,29584.26000000,29619.15000000,29545.30000000,29548.68000000,311.21255000,1654308899999,9204979.73625790,7271,158.19227000,4678743.57078820,0
1654308900000,29548.69000000,29560.15000000,29500.00000000,29502.65000000,1211.35838000,1654309799999,35742098.53271070,16096,344.28374000,10158707.67852140,0
1654309800000,29502.64000000,29531.87000000,29500.00000000,29505.78000000,517.50095000,1654310699999,15268968.59308650,7295,180.27427000,5319033.73501620,0
1654310700000,29505.77000000,29577.48000000,29505.77000000,29568.26000000,172.63459000,1654311599999,5099651.18603160,5379,85.45969000,2524500.38202600,0
1654311600000,29568.26000000,29643.55000000,29556.93000000,29590.50000000,614.78215000,1654312499999,18199711.27309320,7285,393.00816000,11633440.13519740,0
1654312500000,29590.50000000,29600.00000000,29578.94000000,29599.36000000,265.33290000,1654313399999,7852696.61134550,6231,172.99574000,5119929.00774610,0
1654313400000,29599.35000000,29600.00000000,29578.95000000,29588.70000000,184.11931000,1654314299999,5448259.48840640,6118,98.72216000,2921201.46498360,0
1654314300000,29588.70000000,29588.70000000,29549.55000000,29560.12000000,161.75498000,1654315199999,4781891.12145730,4842,72.02352000,2129171.11569770,0
1654315200000,29560.12000000,29734.49000000,29546.78000000,29713.03000000,821.92150000,1654316099999,24354593.32200650,13415,650.57537000,19273487.70502850,0
1654316100000,29713.04000000,29722.88000000,29651.07000000,29656.72000000,323.19753000,1654316999999,9591157.59355850,7156,143.73370000,4265230.49989970,0
1654317000000,29656.73000000,29714.41000000,29649.08000000,29676.16000000,199.02984000,1654317899999,5906271.46992070,6341,104.34972000,3096494.60490760,0
1654317900000,29676.16000000,29728.77000000,29674.96000000,29715.67000000,204.00461000,1654318799999,6060327.70174830,5879,132.44174000,3934185.30550870,0
1654318800000,29715.67000000,29723.49000000,29680.84000000,29684.64000000,135.65961000,1654319699999,4029320.03975070,5266,56.08572000,1665639.88595530,0
1654319700000,29684.64000000,29690.94000000,29680.85000000,29683.43000000,69.55444000,1654320599999,2064809.78620230,4665,42.57491000,1263877.39466960,0
1654320600000,29683.42000000,29683.43000000,29654.87000000,29670.89000000,112.45549000,1654321499999,3337002.08614170,4440,51.08028000,1515653.58064340,0
1654321500000,29670.88000000,29693.62000000,29670.88000000,29682.10000000,86.83527000,1654322399999,2577682.37686470,4189,47.31516000,1404475.94798760,0
1654322400000,29682.11000000,29713.62000000,29659.34000000,29677.07000000,158.02034000,1654323299999,4692159.50385140,5364,72.93544000,2165414.73112480,0
1654323300000,29677.08000000,29708.59000000,29655.38000000,29691.86000000,165.86020000,1654324199999,4924451.14775850,5341,66.27478000,1967659.85405870,0
1654324200000,29691.86000000,29708.19000000,29673.16000000,29702.84000000,139.97623000,1654325099999,4155205.70425810,4788,77.17773000,2291034.53637920,0
1654325100000,29702.84000000,29714.00000000,29681.74000000,29694.90000000,148.25817000,1654325999999,4402817.68338850,5017,68.39928000,2031162.74226250,0
1654326000000,29694.90000000,29694.91000000,29646.27000000,29653.09000000,133.69102000,1654326899999,3966558.39972280,5283,46.62521000,1383274.76303120,0
1654326900000,29653.10000000,29679.59000000,29653.09000000,29668.84000000,113.60798000,1654327799999,3370396.30707510,4337,61.11926000,1813120.38255760,0
1654327800000,29668.84000000,29703.24000000,29668.84000000,29684.18000000,133.86699000,1654328699999,3974830.28079180,4624,75.76341000,2249550.63679550,0
1654328700000,29684.19000000,29705.81000000,29684.18000000,29700.96000000,97.09553000,1654329599999,2883217.23504760,4396,60.21588000,1788045.24691100,0
1654329600000,29700.96000000,29717.54000000,29681.16000000,29696.54000000,160.43492000,1654330499999,4765415.11506650,5486,83.68937000,2485729.15328240,0
1654330500000,29696.54000000,29774.91000000,29696.54000000,29730.43000000,237.51256000,1654331399999,7063845.49185140,7080,143.33563000,4262745.59147620,0
1654331400000,29730.42000000,29800.00000000,29730.42000000,29776.47000000,278.39712000,1654332299999,8289366.06739720,7061,148.62198000,4425115.11874890,0
1654332300000,29776.47000000,29777.30000000,29740.87000000,29750.03000000,149.37202000,1654333199999,4444386.94276880,5582,69.28689000,2061548.77286810,0
1654333200000,29750.03000000,29765.85000000,29732.41000000,29765.85000000,202.39830000,1654334099999,6021485.39450500,5725,93.75524000,2789255.73280460,0
1654334100000,29765.84000000,29771.32000000,29731.37000000,29738.26000000,237.87888000,1654334999999,7074613.28656350,6187,103.37529000,3074208.82399800,0
1654335000000,29738.26000000,29738.26000000,29673.64000000,29685.21000000,317.08705000,1654335899999,9419034.46034130,7403,112.49412000,3340897.16239600,0
1654335900000,29685.21000000,29724.97000000,29685.21000000,29724.96000000,126.75197000,1654336799999,3764912.16101680,4780,78.58344000,2333890.94584370,0
1654336800000,29724.96000000,29759.11000000,29724.96000000,29750.11000000,214.64617000,1654337699999,6384965.91447780,5787,118.01031000,3510159.50295940,0
1654337700000,29750.11000000,29791.04000000,29735.12000000,29735.13000000,230.96469000,1654338599999,6874217.21253190,5245,120.16341000,3576713.61081340,0
1654338600000,29735.12000000,29737.93000000,29706.70000000,29710.86000000,235.24639000,1654339499999,6992150.50409900,4937,85.45331000,2539770.57278920,0
1654339500000,29710.86000000,29729.90000000,29709.54000000,29729.90000000,150.31917000,1654340399999,4466991.07284360,4051,72.03743000,2140722.64301330,0
1654340400000,29729.90000000,29742.09000000,29729.44000000,29738.35000000,66.41517000,1654341299999,1974856.76606200,3824,33.54130000,997355.97801960,0
1654341300000,29738.35000000,29738.35000000,29701.11000000,29701.80000000,219.72063000,1654342199999,6528396.42297130,5714,65.19760000,1937023.26968500,0
1654342200000,29701.80000000,29741.42000000,29700.30000000,29719.67000000,145.86421000,1654343099999,4335387.95454880,4846,84.94767000,2524915.66697180,0
1654343100000,29719.67000000,29723.42000000,29594.91000000,29681.69000000,465.04995000,1654343999999,13790131.96279490,9636,220.53527000,6538292.06418400,0
1654344000000,29681.68000000,29703.64000000,29611.24000000,29641.27000000,329.91881000,1654344899999,9783326.67246600,9688,165.63449000,4912346.60110380,0
1654344900000,29641.26000000,29652.25000000,29585.52000000,29600.00000000,287.13420000,1654345799999,8502005.70664540,7745,107.96065000,3196811.75543440,0
1654345800000,29599.99000000,29624.82000000,29536.94000000,29556.45000000,262.94304000,1654346699999,7777912.45835980,6674,95.10258000,2813224.00240160,0
1654346700000,29556.46000000,29578.64000000,29516.01000000,29538.00000000,254.57740000,1654347599999,7522715.47943720,6350,115.22219000,3404713.92909710,0
1654347600000,29538.00000000,29654.52000000,29522.99000000,29600.00000000,390.52971000,1654348499999,11559384.20377460,7774,233.99974000,6926397.16315490,0
1654348500000,29600.00000000,29642.78000000,29558.29000000,29642.77000000,284.71533000,1654349399999,8427338.94496610,6501,133.05509000,3939284.77064050,0
1654349400000,29642.77000000,29642.78000000,29596.65000000,29604.71000000,124.45299000,1654350299999,3686054.05096140,4826,51.83816000,1535265.82554110,0
1654350300000,29604.70000000,29604.71000000,29575.96000000,29596.11000000,161.03659000,1654351199999,4765258.80426130,5369,78.59945000,2325914.78242570,0
1654351200000,29596.11000000,29604.69000000,29485.00000000,29541.20000000,403.00472000,1654352099999,11898343.41543020,8958,148.33132000,4378437.19607660,0
1654352100000,29541.20000000,29781.71000000,29531.17000000,29737.11000000,746.39918000,1654352999999,22148302.12680950,11769,486.09615000,14424183.53639180,0
1654353000000,29737.11000000,29988.88000000,29674.61000000,29772.13000000,1325.50797000,1654353899999,39527418.45716130,19743,720.77560000,21501192.97384560,0
1654353900000,29772.13000000,29826.52000000,29746.16000000,29777.32000000,319.85076000,1654354799999,9528005.98606310,8196,141.21782000,4206549.35461560,0
1654354800000,29777.31000000,29843.68000000,29758.31000000,29804.70000000,392.14390000,1654355699999,11685860.80884400,7597,227.40596000,6776867.51712900,0
1654355700000,29804.70000000,29884.99000000,29750.29000000,29860.92000000,438.88015000,1654356599999,13083358.73803090,8547,249.25193000,7430287.36849430,0
1654356600000,29860.93000000,29888.01000000,29802.53000000,29806.00000000,339.59028000,1654357499999,10134613.05615960,8152,168.01349000,5013925.94010900,0
1654357500000,29805.99000000,29858.80000000,29795.55000000,29858.80000000,322.09393000,1654358399999,9609018.63273050,6888,191.68478000,5718787.89331640,0
1654358400000,29858.79000000,29858.80000000,29795.94000000,29808.01000000,338.93611000,1654359299999,10108050.80990670,7341,135.69318000,4046841.18572940,0
1654359300000,29808.01000000,29827.89000000,29770.89000000,29774.33000000,191.27413000,1654360199999,5698902.65841410,5990,94.01405000,2801233.52456500,0
1654360200000,29774.32000000,29796.26000000,29760.00000000,29785.02000000,269.90199000,1654361099999,8037386.58338870,5334,180.37104000,5371381.25431000,0
1654361100000,29785.01000000,29787.83000000,29747.63000000,29751.41000000,338.37552000,1654361999999,10070829.92657570,5270,143.55905000,4272915.35321490,0
1654362000000,29751.41000000,29755.24000000,29670.00000000,29676.28000000,265.41440000,1654362899999,7887463.39067100,7076,71.42968000,2122364.42334640,0
1654362900000,29676.29000000,29682.13000000,29613.26000000,29654.61000000,360.53391000,1654363799999,10690171.66253600,7594,179.53294000,5323286.83160260,0
1654363800000,29654.62000000,29717.36000000,29613.40000000,29685.85000000,212.23912000,1654364699999,6298998.61161160,6272,120.14758000,3565788.44795020,0
1654364700000,29685.84000000,29737.69000000,29685.84000000,29712.52000000,179.60852000,1654365599999,5337085.55586450,4986,93.95379000,2792027.01524080,0
1654365600000,29712.52000000,29792.27000000,29712.51000000,29771.92000000,204.04363000,1654366499999,6072170.36519600,5856,120.69662000,3591663.54149340,0
1654366500000,29771.92000000,29787.74000000,29746.20000000,29747.81000000,260.69081000,1654367399999,7759677.47177300,5418,152.02320000,4524957.45833500,0
1654367400000,29747.82000000,29799.82000000,29747.81000000,29782.88000000,177.44460000,1654368299999,5284569.24203370,5178,107.90228000,3213615.03683360,0
1654368300000,29782.88000000,29793.30000000,29768.01000000,29768.67000000,120.10141000,1654369199999,3576348.44856000,4851,47.41360000,1411829.17984100,0
1654369200000,29768.68000000,29775.37000000,29714.20000000,29719.84000000,238.15148000,1654370099999,7082700.22934750,5937,125.84327000,3742589.10468730,0
1654370100000,29719.84000000,29725.63000000,29706.11000000,29709.09000000,126.95975000,1654370999999,3772714.31349420,4152,86.34115000,2565638.64110080,0
1654371000000,29709.09000000,29709.09000000,29634.05000000,29648.18000000,214.99266000,1654371899999,6378048.91477450,5471,105.79428000,3137922.36100210,0
1654371900000,29648.19000000,29673.99000000,29646.34000000,29655.41000000,161.45576000,1654372799999,4788274.56657930,4912,98.22623000,2912930.21899700,0
1654372800000,29655.41000000,29698.64000000,29632.05000000,29635.40000000,137.60552000,1654373699999,4082333.46235840,5562,67.84218000,2012643.49651230,0
1654373700000,29635.40000000,29731.61000000,29635.40000000,29715.82000000,170.85982000,1654374599999,5075209.40505430,5269,104.58299000,3106161.96887770,0
1654374600000,29715.81000000,29736.70000000,29715.81000000,29732.58000000,146.42348000,1654375499999,4353524.35356100,4138,79.78221000,2372098.74353830,0
1654375500000,29732.58000000,29750.00000000,29711.53000000,29749.77000000,165.35005000,1654376399999,4916239.43443550,4175,114.18198000,3395072.21027640,0
1654376400000,29749.77000000,29775.98000000,29749.76000000,29763.68000000,154.44096000,1654377299999,4597289.63501560,5128,81.97929000,2440338.20408870,0
1654377300000,29763.68000000,29784.28000000,29745.78000000,29760.35000000,159.03500000,1654378199999,4734020.34851990,4631,53.92675000,1605374.85845750,0
1654378200000,29760.35000000,29844.43000000,29745.51000000,29826.46000000,94.28595000,1654379099999,2808588.11926260,5701,55.92604000,1665777.11820710,0
1654379100000,29826.46000000,29862.57000000,29760.47000000,29846.33000000,205.02289000,1654379999999,6112339.30530350,6234,122.24561000,3644311.61294890,0
1654380000000,29846.33000000,29977.99000000,29824.89000000,29924.44000000,824.84183000,1654380899999,24661198.16510520,13121,486.64851000,14549203.93698460,0
1654380900000,29924.44000000,29976.67000000,29849.88000000,29857.93000000,476.39177000,1654381799999,14252130.75874240,9738,254.53352000,7615597.55369460,0
1654381800000,29857.92000000,29877.57000000,29791.65000000,29794.74000000,180.27197000,1654382699999,5378655.73076190,5509,77.51214000,2312769.34495190,0
1654382700000,29794.73000000,29829.71000000,29794.73000000,29808.01000000,176.85261000,1654383599999,5273499.23318010,4559,74.58001000,2223617.64018510,0
1654383600000,29808.02000000,29825.23000000,29784.70000000,29813.11000000,145.24623000,1654384499999,4329103.85468220,5159,62.39282000,1859713.08664380,0
1654384500000,29813.11000000,29820.80000000,29771.22000000,29778.07000000,267.16814000,1654385399999,7959020.22558650,6077,113.02598000,3367060.76128180,0
1654385400000,29778.07000000,29806.96000000,29778.06000000,29796.69000000,111.05606000,1654386299999,3308915.23314080,3963,62.95979000,1875809.08446530,0
1654386300000,29796.69000000,29869.40000000,29788.11000000,29864.04000000,225.44214000,1654387199999,6725660.28031860,4985,142.80798000,4260294.79156110,0
1654387200000,29864.03000000,29883.93000000,29813.11000000,29865.46000000,223.18885000,1654388099999,6661612.49153630,6109,126.25682000,3768190.26510100,0
1654388100000,29865.46000000,29897.18000000,29865.45000000,29868.06000000,148.32182000,1654388999999,4432270.63228960,4645,76.28468000,2279634.05002510,0
1654389000000,29868.06000000,29868.07000000,29792.70000000,29793.50000000,173.06617000,1654389899999,5164124.40264590,5937,52.24495000,1558741.65482310,0
1654389900000,29793.50000000,29802.83000000,29729.37000000,29740.64000000,238.27385000,1654390799999,7091809.66204570,6294,77.51494000,2307351.09351930,0
1654390800000,29740.64000000,29755.23000000,29702.41000000,29708.23000000,223.98629000,1654391699999,6658151.83201790,6692,100.56912000,2989402.67124610,0
1654391700000,29708.23000000,29738.74000000,29681.85000000,29731.67000000,314.68561000,1654392599999,9347483.61211740,6932,127.77766000,3795281.39911310,0
1654392600000,29731.67000000,29750.00000000,29703.15000000,29721.73000000,120.57692000,1654393499999,3584556.97639660,5134,56.41858000,1677056.99803920,0
1654393500000,29721.74000000,29735.52000000,29691.73000000,29691.74000000,202.98217000,1654394399999,6031922.00939920,5492,77.04220000,2289361.61692210,0
1654394400000,29691.73000000,29795.25000000,29678.50000000,29788.39000000,225.00331000,1654395299999,6691372.35461630,6215,136.23609000,4051077.19990420,0
1654395300000,29788.39000000,29799.99000000,29774.55000000,29792.90000000,144.51686000,1654396199999,4304420.36103650,4860,56.57801000,1685151.22611530,0
1654396200000,29792.91000000,29795.77000000,29766.41000000,29782.20000000,101.61325000,1654397099999,3026345.51163370,3957,46.63503000,1388916.40751260,0
1654397100000,29782.20000000,29796.31000000,29773.66000000,29793.99000000,121.70807000,1654397999999,3625779.01621860,3731,50.48452000,1503944.00489900,0
1654398000000,29793.99000000,29795.99000000,29749.75000000,29781.36000000,152.51144000,1654398899999,4540267.85432300,4453,65.67599000,1954900.63174210,0
1654398900000,29781.36000000,29819.95000000,29776.88000000,29795.71000000,115.59326000,1654399799999,3444957.53524670,4628,48.73126000,1452265.16762520,0
1654399800000,29795.70000000,29808.40000000,29751.33000000,29765.73000000,116.39431000,1654400699999,3466950.13067650,4239,49.89763000,1486213.13475570,0
1654400700000,29765.73000000,29766.95000000,29748.88000000,29766.95000000,89.60290000,1654401599999,2666047.88521060,3509,38.08321000,1133079.72150530,0
1654401600000,29766.95000000,29782.19000000,29690.92000000,29696.79000000,289.74730000,1654402499999,8613906.19618770,6574,94.60774000,2811898.29038000,0
1654402500000,29696.78000000,29717.22000000,29686.00000000,29715.97000000,137.32506000,1654403399999,4078741.03051230,4560,66.56113000,1977050.96790410,0
1654403400000,29715.96000000,29737.02000000,29704.82000000,29725.42000000,118.07878000,1654404299999,3509618.13549270,3862,69.39610000,2062607.33055510,0
1654404300000,29725.43000000,29755.09000000,29722.89000000,29722.90000000,101.42227000,1654405199999,3016393.07377190,3488,58.28334000,1733340.40226390,0
1654405200000,29722.90000000,29761.05000000,29722.89000000,29761.04000000,78.32247000,1654406099999,2329648.43600000,3727,42.82868000,1273846.39681890,0
1654406100000,29761.04000000,29801.23000000,29751.09000000,29801.22000000,107.69198000,1654406999999,3206200.54950500,4079,70.89781000,2110903.95466160,0
1654407000000,29801.23000000,29812.50000000,29785.23000000,29795.83000000,132.00319000,1654407899999,3933717.19687060,4738,61.61135000,1836060.09800530,0
1654407900000,29795.84000000,29819.85000000,29788.00000000,29793.95000000,121.86618000,1654408799999,3631935.38523660,4659,64.73325000,1929180.38747720,0
1654408800000,29793.94000000,29796.83000000,29782.11000000,29786.38000000,64.41581000,1654409699999,1918811.00220940,4027,23.51788000,700528.54258400,0
1654409700000,29787.07000000,29787.46000000,29763.73000000,29766.41000000,108.30369000,1654410599999,3224603.80352670,4167,41.40843000,1232851.30256030,0
1654410600000,29766.42000000,29778.42000000,29762.34000000,29774.44000000,82.36905000,1654411499999,2451952.62099150,3656,44.36458000,1320623.82699050,0
1654411500000,29774.43000000,29774.44000000,29729.70000000,29729.71000000,120.99349000,1654412399999,3599561.96688130,4606,39.58674000,1177668.38701610,0
1654412400000,29729.71000000,29747.70000000,29709.62000000,29740.97000000,134.09691000,1654413299999,3986328.65818310,4984,70.93787000,2108810.63130760,0
1654413300000,29740.97000000,29810.20000000,29738.87000000,29809.09000000,112.71845000,1654414199999,3355172.88791580,4241,75.40131000,2244628.81528780,0
1654414200000,29809.10000000,29809.87000000,29786.74000000,29794.28000000,125.43177000,1654415099999,3737878.72856460,4757,56.11404000,1672111.65955010,0
1654415100000,29794.29000000,29794.29000000,29645.67000000,29645.67000000,294.70664000,1654415999999,8755914.57171890,7485,82.15222000,2440381.88097530,0
1654416000000,29645.68000000,29703.92000000,29643.93000000,29689.32000000,165.49262000,1654416899999,4910518.86323400,5201,101.68165000,3017115.76395740,0
1654416900000,29689.31000000,29736.68000000,29686.65000000,29699.98000000,216.87814000,1654417799999,6445845.61539650,5797,112.90633000,3355603.40468250,0
1654417800000,29699.99000000,29735.00000000,29699.86000000,29724.80000000,114.49489000,1654418699999,3402408.55640280,4181,81.81971000,2431369.10501230,0
1654418700000,29724.81000000,29738.73000000,29689.09000000,29691.81000000,119.11329000,1654419599999,3540095.40552060,4630,53.49815000,1590122.39743960,0
1654419600000,29691.82000000,29691.82000000,29555.00000000,29586.95000000,344.48064000,1654420499999,10199868.60388840,8181,135.03387000,3997541.44296950,0
1654420500000,29585.89000000,29638.53000000,29570.78000000,29621.90000000,260.38240000,1654421399999,7710926.58726370,6136,125.90671000,3728648.14711070,0
1654421400000,29621.90000000,29666.22000000,29531.42000000,29649.99000000,344.20345000,1654422299999,10187086.51888020,7771,136.75664000,4049039.92842350,0
1654422300000,29649.99000000,29666.38000000,29624.39000000,29639.46000000,210.86340000,1654423199999,6250662.10852830,5164,153.27101000,4543469.64833380,0
1654423200000,29639.46000000,29662.42000000,29600.00000000,29660.27000000,164.66469000,1654424099999,4878932.18524170,5510,84.50595000,2503860.31704200,0
1654424100000,29660.27000000,29710.00000000,29655.64000000,29682.97000000,178.42414000,1654424999999,5297725.66039810,6057,101.70587000,3019641.50005230,0
1654425000000,29682.98000000,29691.80000000,29658.29000000,29670.38000000,61.42248000,1654425899999,1822635.96697680,4309,31.07169000,921956.10612920,0
1654425900000,29670.38000000,29690.50000000,29637.38000000,29641.65000000,89.02103000,1654426799999,2641106.55214290,4730,43.55864000,1292255.13841010,0
1654426800000,29641.65000000,29646.36000000,29600.00000000,29601.38000000,156.98403000,1654427699999,4649891.10436440,5148,52.44130000,1553199.70860120,0
1654427700000,29601.39000000,29655.00000000,29588.95000000,29655.00000000,171.16307000,1654428599999,5068232.78362310,4629,47.90710000,1418817.93203820,0
1654428600000,29655.00000000,29698.89000000,29645.93000000,29683.95000000,201.96231000,1654429499999,5993809.80013380,4691,135.79712000,4030050.00810200,0
1654429500000,29683.96000000,29742.13000000,29679.99000000,29718.69000000,188.50950000,1654430399999,5600728.93580980,5470,91.68344000,2723830.32252530,0
1654430400000,29718.69000000,29724.20000000,29694.36000000,29695.81000000,106.39042000,1654431299999,3160938.56542050,4777,51.03052000,1516090.24325980,0
1654431300000,29695.82000000,29780.65000000,29675.24000000,29761.39000000,211.16031000,1654432199999,6277596.16448430,6107,133.79555000,3977460.36374660,0
1654432200000,29761.38000000,29776.71000000,29702.23000000,29709.61000000,161.71580000,1654433099999,4807866.51378130,6043,55.68606000,1655444.12721840,0
1654433100000,29709.61000000,29726.94000000,29698.26000000,29717.99000000,85.68747000,1654433999999,2546089.87571110,3927,51.53837000,1531354.59561530,0
1654434000000,29718.00000000,29754.89000000,29717.99000000,29742.52000000,80.98910000,1654434899999,2408743.91319710,4563,46.32165000,1377563.35202190,0
1654434900000,29742.51000000,29742.52000000,29704.81000000,29704.81000000,88.06811000,1654435799999,2617797.34491840,4054,40.81023000,1213142.06291710,0
1654435800000,29704.82000000,29715.81000000,29678.05000000,29702.07000000,137.22332000,1654436699999,4075210.68990730,5100,62.44472000,1854500.33271620,0
1654436700000,29702.07000000,29738.45000000,29640.73000000,29656.46000000,202.56180000,1654437599999,6012262.03312620,6848,94.82930000,2815083.45967950,0
1654437600000,29656.45000000,29687.34000000,29626.65000000,29676.21000000,183.80738000,1654438499999,5450993.51909070,6300,111.69681000,3312637.94758450,0
1654438500000,29676.21000000,29800.00000000,29671.39000000,29755.71000000,395.14141000,1654439399999,11759192.01514740,8651,260.40210000,7749286.75806720,0
1654439400000,29755.71000000,29807.82000000,29751.24000000,29776.50000000,170.66779000,1654440299999,5081746.44850430,5650,86.40354000,2572563.95800000,0
1654440300000,29776.51000000,29837.86000000,29752.87000000,29791.71000000,286.30515000,1654441199999,8532375.66532000,7159,161.23391000,4805627.83655710,0
1654441200000,29791.72000000,29829.65000000,29781.70000000,29803.15000000,223.74231000,1654442099999,6668803.24060760,6517,114.41329000,3410082.26130400,0
1654442100000,29803.15000000,29879.00000000,29788.39000000,29829.20000000,330.35434000,1654442999999,9860892.14062820,7294,203.13230000,6063151.38053010,0
1654443000000,29829.20000000,29950.00000000,29788.39000000,29885.62000000,512.70177000,1654443899999,15321981.33455260,10524,318.10295000,9505856.62011320,0
1654443900000,29885.62000000,29981.00000000,29873.08000000,29972.22000000,504.12652000,1654444799999,15090114.34329920,9090,305.21103000,9136189.17590270,0
1654444800000,29972.23000000,30189.00000000,29932.35000000,30045.89000000,1813.33395000,1654445699999,54560357.85799890,23403,1125.07875000,33844801.40975940,0
1654445700000,30045.88000000,30083.41000000,29826.96000000,29853.99000000,699.97728000,1654446599999,20953337.31691050,14150,305.20220000,9135502.71204700,0
1654446600000,29853.99000000,29884.89000000,29761.00000000,29868.83000000,457.83827000,1654447499999,13650254.10935650,10531,256.81879000,7657221.00535780,0
1654447500000,29868.83000000,29879.84000000,29801.48000000,29866.94000000,189.52546000,1654448399999,5656890.74645620,5754,107.70705000,3215110.23170330,0
1654448400000,29866.95000000,29962.90000000,29846.38000000,29948.72000000,340.51248000,1654449299999,10182852.95316730,7615,197.24491000,5898437.93212600,0
1654449300000,29948.72000000,30124.98000000,29931.14000000,30046.66000000,608.88345000,1654450199999,18287444.98253790,11179,343.54842000,10317238.61501280,0
1654450200000,30046.66000000,30132.47000000,30006.90000000,30059.02000000,567.01091000,1654451099999,17046178.75767510,9938,296.44602000,8913088.30289830,0
1654451100000,30059.03000000,30120.50000000,29988.07000000,30021.99000000,340.58488000,1654451999999,10233684.18067540,8724,161.37028000,4848931.78175460,0
1654452000000,30022.00000000,30092.09000000,29996.20000000,30015.95000000,276.32674000,1654452899999,8301196.55386990,7340,151.84658000,4561804.49990340,0
1654452900000,30015.94000000,30065.96000000,30000.00000000,30055.88000000,221.84319000,1654453799999,6664358.83579090,5774,97.00599000,2913967.33008730,0
1654453800000,30055.88000000,30055.89000000,29979.44000000,29981.95000000,184.86621000,1654454699999,5546847.61549110,5814,79.27370000,2378727.42124670,0
1654454700000,29981.95000000,30042.86000000,29981.95000000,29996.31000000,221.94288000,1654455599999,6660794.61760980,5464,132.34215000,3971431.40131500,0
1654455600000,29996.31000000,30012.26000000,29980.92000000,29990.96000000,113.90792000,1654456499999,3416616.83023820,4614,56.41929000,1692192.91286380,0
1654456500000,29990.96000000,29997.92000000,29956.07000000,29982.52000000,171.74538000,1654457399999,5147932.95164390,5229,68.82588000,2062961.61690030,0
1654457400000,29982.52000000,29990.62000000,29962.44000000,29980.37000000,166.10750000,1654458299999,4979719.05815850,4404,101.60068000,3045905.29073770,0
1654458300000,29980.37000000,30100.00000000,29980.37000000,30049.86000000,292.85786000,1654459199999,8801565.39936060,7221,156.70536000,4709399.31034610,0
1654459200000,30049.85000000,30127.47000000,30049.85000000,30104.50000000,222.22320000,1654460099999,6688985.60034190,8505,119.66988000,3601985.73311720,0
1654460100000,30104.50000000,30110.28000000,30066.18000000,30066.18000000,136.13477000,1654460999999,4095580.94116460,5778,59.00494000,1775125.53466950,0
1654461000000,30066.19000000,30084.85000000,29995.15000000,29997.41000000,196.12494000,1654461899999,5891711.88910350,6055,74.23752000,2230068.01382010,0
1654461900000,29997.42000000,30003.58000000,29945.84000000,29945.84000000,239.36564000,1654462799999,7174336.12491970,6352,102.48748000,3071827.00407620,0
1654462800000,29945.85000000,29946.85000000,29835.03000000,29890.46000000,416.92954000,1654463699999,12465654.41634230,9653,174.43135000,5215101.76274180,0
1654463700000,29890.46000000,29898.07000000,29815.75000000,29864.77000000,257.65409000,1654464599999,7690023.03101370,7021,119.26300000,3559415.51416940,0
1654464600000,29864.77000000,29996.75000000,29860.71000000,29926.58000000,183.16130000,1654465499999,5479218.41281540,6554,120.12770000,3593561.43993970,0
1654465500000,29926.58000000,29980.78000000,29912.45000000,29965.23000000,148.61565000,1654466399999,4450131.90379820,6431,89.75854000,2687679.34162700,0
1654466400000,29965.23000000,30070.83000000,29944.81000000,29993.90000000,782.86095000,1654467299999,23502164.86613840,13178,394.23604000,11831973.33987150,0
1654467300000,29993.91000000,30037.04000000,29948.53000000,29948.54000000,296.21685000,1654468199999,8889606.01050510,6376,137.10359000,4114063.76093280,0
1654468200000,29948.54000000,29957.87000000,29875.01000000,29945.49000000,396.46509000,1654469099999,11857248.05270190,8421,180.12974000,5386305.07821980,0
1654469100000,29945.49000000,30059.78000000,29945.48000000,30022.67000000,470.83926000,1654469999999,14134163.79728800,8767,293.27142000,8802671.86727350,0
1654470000000,30022.67000000,30050.92000000,30005.47000000,30032.82000000,244.37360000,1654470899999,7337350.90112340,6029,126.77585000,3805900.80030820,0
1654470900000,30032.82000000,30033.29000000,29920.99000000,29926.02000000,393.85121000,1654471799999,11806493.68420840,8439,138.43140000,4150060.64477580,0
1654471800000,29926.03000000,29950.45000000,29894.89000000,29926.10000000,274.24686000,1654472699999,8206959.73652160,7040,106.33293000,3181669.50968250,0
1654472700000,29926.11000000,29958.17000000,29900.61000000,29919.21000000,303.37959000,1654473599999,9080330.45861910,6281,145.38493000,4350854.20190420,0
1654473600000,29919.20000000,29998.61000000,29890.23000000,29934.55000000,347.63944000,1654474499999,10407828.99002920,9441,180.52600000,5404213.29610470,0
1654474500000,29934.55000000,30024.00000000,29925.54000000,29987.15000000,376.96234000,1654475399999,11304147.92954280,9259,196.23347000,5883985.54586420,0
1654475400000,29987.15000000,30084.74000000,29987.15000000,30084.74000000,490.43783000,1654476299999,14739214.26472270,8417,312.10218000,9379251.12008760,0
1654476300000,30084.74000000,30396.99000000,30055.08000000,30301.70000000,1276.58013000,1654477199999,38639722.74529200,21751,717.21821000,21707152.79458910,0
1654477200000,30301.69000000,30435.76000000,30301.69000000,30414.52000000,889.59718000,1654478099999,27029296.82040610,14052,547.02248000,16620106.82952340,0
1654478100000,30414.52000000,30644.40000000,30414.52000000,30581.19000000,1824.12517000,1654478999999,55690790.76579900,22969,1108.16451000,33833026.30641040,0
1654479000000,30581.19000000,30657.10000000,30567.83000000,30594.50000000,849.06219000,1654479899999,25993537.68219620,12766,406.94146000,12457449.76308790,0
1654479900000,30594.51000000,30924.56000000,30560.62000000,30844.07000000,1815.33167000,1654480799999,55910313.93156460,25291,1034.01085000,31847406.17356500,0
1654480800000,30844.06000000,31029.00000000,30844.06000000,30985.08000000,1748.04434000,1654481699999,54080449.29940690,20589,926.07816000,28650591.94314320,0
1654481700000,30985.08000000,31006.83000000,30881.98000000,30981.74000000,696.16217000,1654482599999,21536551.73919430,12820,310.48292000,9604884.10094460,0
1654482600000,30981.75000000,31145.32000000,30951.98000000,30955.94000000,1248.99129000,1654483499999,38783655.21305330,17113,631.76956000,19619032.37753390,0
1654483500000,30955.93000000,30999.61000000,30926.11000000,30926.11000000,484.02719000,1654484399999,14985936.82044100,9864,186.03034000,5759687.42069340,0
1654484400000,30926.12000000,31157.36000000,30926.11000000,31107.59000000,1526.03078000,1654485299999,47396042.75448610,11790,553.51168000,17179690.22705720,0
1654485300000,31107.58000000,31218.50000000,31059.32000000,31077.44000000,2578.54827000,1654486199999,80272565.77740700,23116,766.92685000,23868895.60031620,0
1654486200000,31077.45000000,31113.07000000,31037.62000000,31062.11000000,617.99854000,1654487099999,19203914.76112510,9124,269.13606000,8362927.21131160,0
1654487100000,31062.12000000,31276.87000000,31054.61000000,31251.00000000,1430.37660000,1654487999999,44608913.48528810,15592,836.94378000,26101316.98673030,0
1654488000000,31250.99000000,31357.00000000,31202.01000000,31242.87000000,1003.28657000,1654488899999,31365507.93466800,16149,579.80353000,18126369.59290280,0
1654488900000,31242.87000000,31282.81000000,31148.43000000,31272.80000000,574.50718000,1654489799999,17927132.55231250,10304,288.84981000,9013484.38205880,0
1654489800000,31272.80000000,31286.91000000,31212.31000000,31228.93000000,402.32240000,1654490699999,12568509.98737510,7751,183.33057000,5727233.98450260,0
1654490700000,31228.93000000,31288.20000000,31212.74000000,31222.91000000,396.59305000,1654491599999,12395880.05490010,8164,187.08631000,5847670.73221810,0
1654491600000,31222.91000000,31283.34000000,31202.71000000,31206.49000000,454.84130000,1654492499999,14210188.26088430,9040,237.94535000,7433657.80942320,0
1654492500000,31206.49000000,31252.70000000,31153.60000000,31226.15000000,625.86419000,1654493399999,19526526.85159330,11422,270.27458000,8432820.88558180,0
1654493400000,31226.16000000,31271.85000000,31219.09000000,31219.09000000,368.40793000,1654494299999,11509726.24912380,7757,196.93928000,6152421.04007210,0
1654494300000,31219.09000000,31239.66000000,31153.97000000,31169.05000000,488.00565000,1654495199999,15214975.59706560,9821,200.64880000,6255183.62034590,0
1654495200000,31169.05000000,31208.45000000,31165.31000000,31173.01000000,463.41822000,1654496099999,14453305.31786300,9134,250.09699000,7800044.27873850,0
1654496100000,31173.01000000,31249.99000000,31160.42000000,31217.76000000,413.23278000,1654496999999,12900365.10105640,7703,213.95112000,6678789.27500310,0
1654497000000,31217.77000000,31306.84000000,31215.00000000,31248.04000000,348.00287000,1654497899999,10877128.80616470,7465,192.79956000,6026040.36969280,0
1654497900000,31248.03000000,31434.75000000,31248.03000000,31274.23000000,1394.55188000,1654498799999,43711256.27289660,17045,630.51993000,19762133.30810920,0
1654498800000,31274.23000000,31393.15000000,31260.28000000,31313.79000000,783.94435000,1654499699999,24550211.01441360,12354,413.49236000,12948073.14506160,0
1654499700000,31313.79000000,31349.00000000,31289.63000000,31323.55000000,468.64677000,1654500599999,14675376.77553750,8670,222.29142000,6960416.87693770,0
1654500600000,31323.55000000,31329.20000000,31196.74000000,31199.92000000,558.04161000,1654501499999,17440966.51627190,10677,262.55542000,8205342.54527730,0
1654501500000,31199.91000000,31293.47000000,31199.91000000,31292.77000000,429.56954000,1654502399999,13422762.95385350,8390,230.98220000,7217914.57895380,0
1654502400000,31292.76000000,31395.35000000,31281.00000000,31353.14000000,936.29995000,1654503299999,29338425.55129380,13124,354.55535000,11109085.86412110,0
1654503300000,31353.15000000,31443.85000000,31331.89000000,31443.85000000,503.15121000,1654504199999,15791278.64595670,10236,234.97491000,7376718.70049360,0
1654504200000,31443.84000000,31483.28000000,31380.78000000,31406.61000000,780.86778000,1654505099999,24540129.33410680,12270,382.34383000,12015054.95017930,0
1654505100000,31406.61000000,31469.28000000,31373.89000000,31469.28000000,476.77117000,1654505999999,14978746.54222710,9434,259.55982000,8154260.03084320,0
1654506000000,31469.27000000,31550.00000000,31412.99000000,31435.60000000,834.28297000,1654506899999,26257867.75140380,13524,446.40723000,14054210.82420020,0
1654506900000,31435.61000000,31512.15000000,31397.30000000,31398.10000000,535.95024000,1654507799999,16857518.89232360,9557,303.23138000,9539011.15314230,0
1654507800000,31398.11000000,31420.00000000,31380.00000000,31413.64000000,488.10119000,1654508699999,15327468.21215100,9302,270.64091000,8498385.36524070,0
1654508700000,31413.65000000,31475.14000000,31408.84000000,31475.14000000,373.18634000,1654509599999,11733047.72593330,7819,220.83690000,6943426.82830660,0
1654509600000,31475.13000000,31492.28000000,31393.86000000,31417.37000000,427.78375000,1654510499999,13448818.19758770,8475,202.94637000,6380472.64755130,0
1654510500000,31417.37000000,31449.45000000,31390.01000000,31423.99000000,338.02890000,1654511399999,10620228.01592700,8210,163.09453000,5123704.73170750,0
1654511400000,31423.98000000,31472.87000000,31390.00000000,31470.02000000,391.64726000,1654512299999,12309177.69050480,7899,204.00939000,6411242.40589660,0
1654512300000,31470.02000000,31535.90000000,31460.33000000,31483.19000000,495.69508000,1654513199999,15612824.03047160,8603,263.51765000,8299416.67234060,0
1654513200000,31483.19000000,31599.37000000,31383.54000000,31416.14000000,713.38434000,1654514099999,22463578.60265390,13064,357.18289000,11247620.56716520,0
1654514100000,31416.15000000,31475.60000000,31338.37000000,31389.60000000,902.44887000,1654514999999,28338655.75754010,10772,441.11565000,13851752.84291010,0
1654515000000,31389.60000000,31438.93000000,31340.29000000,31393.75000000,485.38592000,1654515899999,15237286.85764680,10366,210.13780000,6596050.35759500,0
1654515900000,31393.76000000,31420.00000000,31349.34000000,31396.71000000,550.34268000,1654516799999,17275056.66604090,11045,224.27559000,7039748.55120800,0
1654516800000,31396.72000000,31468.55000000,31396.71000000,31414.99000000,558.83471000,1654517699999,17568288.35290920,9734,255.26231000,8024373.88779850,0
1654517700000,31415.00000000,31417.95000000,31346.95000000,31409.78000000,475.76511000,1654518599999,14928934.77511130,10304,240.24705000,7538196.51555490,0
1654518600000,31409.77000000,31479.57000000,31399.21000000,31432.90000000,370.44141000,1654519499999,11646041.96405310,8256,186.89619000,5875318.07098030,0
1654519500000,31432.90000000,31466.91000000,31363.12000000,31408.96000000,528.53084000,1654520399999,16598865.92086660,8892,210.31519000,6604616.13160710,0
1654520400000,31408.97000000,31432.68000000,31379.87000000,31423.44000000,346.33803000,1654521299999,10878839.02137960,8231,184.73260000,5802753.25352340,0
1654521300000,31423.43000000,31475.36000000,31345.00000000,31468.41000000,673.02495000,1654522199999,21144474.48429660,10471,318.95043000,10022756.50959980,0
1654522200000,31468.41000000,31527.90000000,31256.00000000,31451.06000000,1933.82798000,1654523099999,60721114.82785070,22709,970.21760000,30467575.80196900,0
1654523100000,31451.07000000,31472.32000000,31337.49000000,31442.96000000,1359.64545000,1654523999999,42693903.78911080,18363,653.47630000,20517928.22767300,0
1654524000000,31442.96000000,31673.32000000,31421.73000000,31607.32000000,1740.64443000,1654524899999,54949430.78648770,24027,1021.56114000,32241327.75948800,0
1654524900000,31607.32000000,31747.06000000,31543.49000000,31698.58000000,1195.24717000,1654525799999,37831094.20514790,18383,644.17865000,20389020.90136710,0
1654525800000,31698.57000000,31765.64000000,31601.96000000,31648.67000000,1236.85991000,1654526699999,39208646.40735280,17882,498.95435000,15815259.02848900,0
1654526700000,31648.68000000,31672.97000000,31450.28000000,31506.69000000,745.87265000,1654527599999,23536843.86769430,14171,345.61555000,10904819.82190470,0
1654527600000,31506.69000000,31534.52000000,31322.64000000,31360.00000000,1050.30930000,1654528499999,32999277.77766010,17890,500.09110000,15712095.77198970,0
1654528500000,31360.00000000,31387.42000000,31162.55000000,31260.25000000,2263.38346000,1654529399999,70739944.38089160,29072,1186.82416000,37091397.57936350,0
1654529400000,31260.26000000,31476.95000000,31255.70000000,31457.93000000,1260.29026000,1654530299999,39515051.38127400,17515,739.82421000,23199103.58917680,0
1654530300000,31457.93000000,31559.41000000,31391.77000000,31541.42000000,928.65089000,1654531199999,29233964.93071430,14259,524.69506000,16520480.85841130,0
1654531200000,31541.41000000,31555.75000000,31386.07000000,31401.09000000,1012.47323000,1654532099999,31832889.58390190,14078,439.47726000,13816145.54972800,0
1654532100000,31401.09000000,31409.65000000,31272.49000000,31287.73000000,924.35158000,1654532999999,28956473.89577700,15864,371.90317000,11651008.28536060,0
1654533000000,31287.73000000,31354.52000000,31223.78000000,31276.40000000,840.68058000,1654533899999,26306187.38557390,17200,447.90004000,14015057.65970020,0
1654533900000,31276.40000000,31329.00000000,31229.34000000,31310.95000000,577.11078000,1654534799999,18053945.88825420,10784,256.48982000,8023803.09903180,0
1654534800000,31310.95000000,31372.99000000,31205.17000000,31227.98000000,604.04949000,1654535699999,18902583.46115460,11452,327.80317000,10257584.45270650,0
1654535700000,31227.98000000,31264.94000000,31000.01000000,31239.12000000,1596.63461000,1654536599999,49733750.31556420,21317,697.32046000,21725034.98819940,0
1654536600000,31239.12000000,31305.18000000,31201.19000000,31305.02000000,623.62055000,1654537499999,19491046.20751210,10933,316.68057000,9897494.59723580,0
1654537500000,31304.49000000,31363.30000000,31265.25000000,31346.12000000,505.74676000,1654538399999,15840211.05999480,8866,269.85962000,8451386.65537750,0
1654538400000,31346.12000000,31385.07000000,31294.43000000,31355.94000000,443.08654000,1654539299999,13885334.31283960,8810,225.83684000,7076963.91721510,0
1654539300000,31355.94000000,31356.74000000,31271.95000000,31320.68000000,411.75803000,1654540199999,12894650.20651320,9044,209.67636000,6566145.96666380,0
1654540200000,31320.67000000,31378.68000000,31230.24000000,31378.68000000,495.73520000,1654541099999,15517648.12877860,10058,252.09458000,7892930.24188040,0
1654541100000,31378.67000000,31437.60000000,31246.87000000,31349.50000000,668.89867000,1654541999999,20976852.06714800,12507,370.23180000,11611751.10483080,0
1654542000000,31349.50000000,31366.76000000,31275.37000000,31287.43000000,383.19230000,1654542899999,12002025.29710360,8604,169.76973000,5316493.03255730,0
1654542900000,31287.43000000,31338.73000000,31244.99000000,31284.96000000,364.55824000,1654543799999,11406606.73322990,8556,188.65572000,5902199.36806730,0
1654543800000,31284.95000000,31467.50000000,31263.24000000,31434.08000000,504.77997000,1654544699999,15828865.13688830,10544,269.71509000,8459629.34416770,0
1654544700000,31434.08000000,31483.96000000,31381.16000000,31470.72000000,512.88823000,1654545599999,16121642.01664830,9059,261.14595000,8208787.27951220,0
1654545600000,31470.72000000,31476.95000000,31272.39000000,31333.30000000,641.53327000,1654546499999,20113946.73814410,13046,305.33522000,9569238.53170250,0
1654546500000,31333.30000000,31542.66000000,31323.44000000,31413.25000000,575.43981000,1654547399999,18095323.77779250,12093,298.69025000,9392480.33621450,0
1654547400000,31413.26000000,31462.70000000,31354.84000000,31365.19000000,315.57488000,1654548299999,9910984.49297340,7223,134.70240000,4230364.37981430,0
1654548300000,31365.18000000,31481.79000000,31358.64000000,31462.49000000,283.60195000,1654549199999,8913683.25170680,6435,176.88127000,5559001.91659530,0
1654549200000,31462.49000000,31516.28000000,31440.21000000,31511.77000000,215.17784000,1654550099999,6773608.97553000,6207,125.70357000,3957047.37893480,0
1654550100000,31511.76000000,31599.85000000,31501.65000000,31527.53000000,402.04043000,1654550999999,12685282.26737110,8724,214.74310000,6776404.54060130,0
1654551000000,31527.54000000,31598.17000000,31410.23000000,31514.29000000,486.83603000,1654551899999,15339722.83198990,13188,279.33486000,8801112.18892870,0
1654551900000,31514.29000000,31555.87000000,31488.06000000,31488.86000000,196.06706000,1654552799999,6180613.67336510,5827,93.65628000,2952174.39638400,0
1654552800000,31488.86000000,31543.40000000,31467.49000000,31483.05000000,215.83657000,1654553699999,6798643.55353420,5403,113.28955000,3568365.50320510,0
1654553700000,31483.05000000,31483.06000000,31407.50000000,31433.81000000,311.37360000,1654554599999,9787664.92302390,6523,142.16018000,4468093.11709810,0
1654554600000,31433.81000000,31467.97000000,31394.89000000,31432.21000000,218.77571000,1654555499999,6876654.66898840,5292,103.79827000,3262463.57564080,0
1654555500000,31432.22000000,31454.17000000,31381.58000000,31395.55000000,218.88907000,1654556399999,6877058.79232540,5378,113.79588000,3575217.27573990,0
1654556400000,31395.55000000,31431.14000000,31327.08000000,31349.63000000,407.82275000,1654557299999,12794851.25747140,7170,185.22868000,5811193.17552740,0
1654557300000,31349.63000000,31379.48000000,31320.00000000,31356.81000000,229.50508000,1654558199999,7195952.69001270,5143,116.51584000,3652747.64270540,0
1654558200000,31356.81000000,31356.81000000,31317.61000000,31340.09000000,149.57417000,1654559099999,4686715.70103750,4588,72.41375000,2268863.91473040,0
1654559100000,31340.09000000,31395.52000000,31326.70000000,31373.10000000,225.16596000,1654559999999,7060949.07028520,5170,109.39202000,3430244.24924710,0
1654560000000,31373.10000000,31381.03000000,31230.13000000,31237.25000000,579.34340000,1654560899999,18133488.67604840,11382,253.31409000,7929061.47346520,0
1654560900000,31237.26000000,31287.47000000,30633.37000000,30753.03000000,3368.73936000,1654561799999,104025785.72588510,42953,1487.60107000,45912263.24202060,0
1654561800000,30753.02000000,30784.32000000,30293.73000000,30312.73000000,4399.98370000,1654562699999,134167966.50935630,55798,2100.54887000,64040289.53522070,0
1654562700000,30312.73000000,30419.37000000,30131.01000000,30197.77000000,1834.00729000,1654563599999,55500116.00044620,29412,933.63210000,28251966.85108070,0
1654563600000,30197.77000000,30257.14000000,29960.07000000,30189.19000000,2650.41534000,1654564499999,79838910.68648260,33861,1280.49684000,38585732.06478840,0
1654564500000,30189.18000000,30195.08000000,29814.92000000,29923.78000000,1950.27659000,1654565399999,58448523.79682420,28790,915.68484000,27446092.75765410,0
1654565400000,29923.78000000,29923.78000000,29741.00000000,29781.49000000,1503.49198000,1654566299999,44825909.61476060,20757,599.56009000,17874688.17846610,0
1654566300000,29781.49000000,29785.70000000,29295.18000000,29568.47000000,5358.97126000,1654567199999,158120879.82928230,52794,3353.94835000,98913926.01667110,0
1654567200000,29568.47000000,29568.48000000,29327.14000000,29422.87000000,1907.68589000,1654568099999,56136516.58450640,24994,914.93913000,26922867.85372470,0
1654568100000,29421.44000000,29460.04000000,29224.70000000,29289.10000000,1802.62791000,1654568999999,52882021.62033130,27862,819.86696000,24055555.57981580,0
1654569000000,29289.09000000,29413.41000000,29218.96000000,29306.07000000,1341.67918000,1654569899999,39344588.47532280,22284,690.56851000,20251717.88005490,0
1654569900000,29306.06000000,29494.54000000,29300.00000000,29402.08000000,1307.74578000,1654570799999,38446345.89641420,20238,686.64349000,20189001.89632830,0
1654570800000,29402.09000000,29461.36000000,29340.00000000,29444.71000000,999.20842000,1654571699999,29381528.19367490,16506,499.53392000,14690811.10760510,0
1654571700000,29444.72000000,29668.10000000,29435.03000000,29567.83000000,1233.18409000,1654572599999,36430096.77296540,22444,613.86146000,18129700.55758520,0
1654572600000,29567.82000000,29645.80000000,29562.95000000,29614.54000000,3016.58105000,1654573499999,89300098.42860890,21918,603.44799000,17864792.10386750,0
1654573500000,29614.54000000,29644.50000000,29550.00000000,29563.62000000,871.71399000,1654574399999,25792335.53093830,15055,358.85455000,10618080.54590400,0
1654574400000,29563.61000000,29585.70000000,29455.40000000,29497.24000000,1053.16401000,1654575299999,31070396.17166580,13840,470.50080000,13877837.45684960,0
1654575300000,29497.24000000,29590.49000000,29472.85000000,29585.44000000,849.51040000,1654576199999,25090139.43402650,11249,465.29778000,13742731.52237300,0
1654576200000,29585.45000000,29608.00000000,29476.94000000,29521.25000000,877.32129000,1654577099999,25909236.50721900,11919,427.59220000,12625464.82331650,0
1654577100000,29521.26000000,29565.40000000,29498.11000000,29522.42000000,509.71947000,1654577999999,15050944.95178060,8483,213.19774000,6294588.27108160,0
1654578000000,29522.42000000,29540.00000000,29481.52000000,29506.18000000,1178.38908000,1654578899999,34769116.69628280,11434,320.51294000,9457668.51006940,0
1654578900000,29506.18000000,29533.11000000,29401.00000000,29448.13000000,1584.00035000,1654579799999,46705164.13422330,19148,409.85555000,12081984.17259320,0
1654579800000,29448.13000000,29532.16000000,29448.12000000,29499.49000000,542.75557000,1654580699999,16010400.17309200,10116,284.52814000,8392537.24481550,0
1654580700000,29499.49000000,29632.49000000,29477.14000000,29478.41000000,572.87866000,1654581599999,16930066.21842150,11509,257.07539000,7596071.62587730,0
1654581600000,29478.40000000,29561.26000000,29472.14000000,29515.19000000,371.29293000,1654582499999,10957566.57747320,7208,185.30479000,5468439.90942370,0
1654582500000,29515.19000000,29535.63000000,29441.92000000,29493.84000000,517.01379000,1654583399999,15243681.03081670,8978,191.19122000,5637745.31948500,0
1654583400000,29493.84000000,29523.81000000,29451.67000000,29501.01000000,301.94343000,1654584299999,8905855.10498950,7220,153.08814000,4515406.96872810,0
1654584300000,29501.02000000,29539.87000000,29478.92000000,29521.24000000,299.36957000,1654585199999,8835337.09806360,6847,156.88913000,4630088.92562250,0
1654585200000,29521.23000000,29558.44000000,29493.92000000,29558.43000000,425.72696000,1654586099999,12570886.91856150,9301,210.76082000,6223308.47524400,0
1654586100000,29558.43000000,29581.47000000,29500.00000000,29558.06000000,434.90715000,1654586999999,12850108.46925030,9561,225.58261000,6664781.85459730,0
1654587000000,29558.05000000,29575.20000000,29521.29000000,29534.75000000,341.15089000,1654587899999,10081672.23312010,7966,168.44276000,4977652.42556150,0
1654587900000,29534.76000000,29598.75000000,29534.75000000,29585.12000000,426.21925000,1654588799999,12603460.92794010,8940,252.32716000,7461166.43775450,0
1654588800000,29585.12000000,29628.01000000,29560.54000000,29615.81000000,412.46200000,1654589699999,12205237.79730650,8692,212.91976000,6300161.78169220,0
1654589700000,29615.80000000,29646.97000000,29595.13000000,29629.86000000,528.20303000,1654590599999,15646585.31175570,9020,217.73881000,6449056.98081680,0
1654590600000,29629.86000000,29733.63000000,29600.84000000,29718.34000000,730.90550000,1654591499999,21690011.86137840,13381,380.25449000,11284074.19373170,0
1654591500000,29718.34000000,29723.55000000,29609.31000000,29652.76000000,457.05559000,1654592399999,13553735.69565050,10172,203.34181000,6030339.50215840,0
1654592400000,29652.76000000,29663.91000000,29580.00000000,29594.29000000,513.24553000,1654593299999,15203527.78392760,10668,167.41962000,4959873.66142290,0
1654593300000,29594.29000000,29613.69000000,29550.00000000,29567.20000000,336.81244000,1654594199999,9964079.58306000,7792,148.64840000,4397806.99268980,0
1654594200000,29567.20000000,29589.85000000,29553.41000000,29579.55000000,298.24793000,1654595099999,8820307.19296860,5999,148.33688000,4386466.43209820,0
1654595100000,29579.56000000,29610.92000000,29560.01000000,29561.54000000,240.34494000,1654595999999,7110905.67136180,5664,89.20851000,2639401.69596380,0
1654596000000,29561.53000000,29621.15000000,29561.53000000,29621.15000000,247.91777000,1654596899999,7334669.82042920,6516,143.53931000,4246691.10164400,0
1654596900000,29621.14000000,29630.07000000,29532.50000000,29585.53000000,375.40898000,1654597799999,11104737.88989570,8248,154.07498000,4557324.21140440,0
1654597800000,29585.53000000,29643.39000000,29585.53000000,29601.31000000,280.55616000,1654598699999,8308470.99643670,8182,147.28133000,4361260.54752740,0
1654598700000,29601.31000000,29655.96000000,29582.00000000,29597.79000000,238.96578000,1654599599999,7079057.11563960,7601,115.22249000,3413456.00971210,0
1654599600000,29597.79000000,29617.57000000,29345.00000000,29453.69000000,1675.89132000,1654600499999,49390462.08936730,24744,671.16873000,19780403.12721240,0
1654600500000,29453.69000000,29546.11000000,29420.46000000,29532.42000000,576.01151000,1654601399999,16979468.27395240,12049,267.46854000,7884364.92565990,0
1654601400000,29532.43000000,29552.86000000,29483.09000000,29498.82000000,443.89848000,1654602299999,13103644.38959300,10366,203.33658000,6002517.02246970,0
1654602300000,29498.82000000,29533.16000000,29474.20000000,29521.50000000,316.47527000,1654603199999,9337309.57022140,7819,142.37845000,4200645.07124610,0
1654603200000,29521.51000000,29546.38000000,29487.97000000,29506.12000000,666.75567000,1654604099999,19680453.98339240,9104,403.35153000,11905114.11021830,0
1654604100000,29506.13000000,29528.06000000,29401.44000000,29437.73000000,636.27942000,1654604999999,18751619.32956990,10948,203.21015000,5988660.79724170,0
1654605000000,29437.73000000,29559.58000000,29431.01000000,29552.72000000,612.87806000,1654605899999,18088651.50381010,12316,402.07334000,11867470.14594820,0
1654605900000,29552.72000000,29570.00000000,29453.36000000,29504.21000000,721.39941000,1654606799999,21275790.20910780,10491,281.67552000,8306765.42646160,0
1654606800000,29504.21000000,29536.03000000,29475.45000000,29478.21000000,261.70637000,1654607699999,7722361.91879190,8166,116.16622000,3427866.80168780,0
1654607700000,29478.21000000,29562.90000000,29477.58000000,29542.48000000,383.80536000,1654608599999,11332246.67296330,8752,239.41054000,7068640.18643580,0
1654608600000,29542.48000000,29658.05000000,29430.01000000,29620.23000000,1441.31379000,1654609499999,42635748.59379970,22798,745.14326000,22048045.35271550,0
1654609500000,29620.24000000,29715.57000000,29550.25000000,29564.48000000,1185.93064000,1654610399999,35142129.25444380,20022,554.49348000,16435306.80018400,0
1654610400000,29564.47000000,29650.00000000,29506.33000000,29575.05000000,793.62064000,1654611299999,23468620.98868150,12710,331.50916000,9803915.35823640,0
1654611300000,29575.04000000,29694.22000000,29541.44000000,29693.17000000,831.69109000,1654612199999,24637430.78675100,13072,444.53746000,13169390.91137030,0
1654612200000,29693.17000000,29911.86000000,29668.74000000,29882.78000000,2422.81104000,1654613099999,72233506.83419430,40147,1137.63649000,33918941.53510550,0
1654613100000,29882.79000000,30041.25000000,29870.29000000,29908.73000000,1764.82080000,1654613999999,52839532.54357730,24955,757.75626000,22688790.99313650,0
1654614000000,29908.72000000,29967.88000000,29833.81000000,29948.08000000,980.89093000,1654614899999,29339994.94031960,14769,580.51580000,17364594.21063240,0
1654614900000,29948.08000000,30027.01000000,29805.79000000,29811.75000000,1098.66884000,1654615799999,32860748.08834190,15484,384.05326000,11489082.41164130,0
1654615800000,29811.74000000,29858.29000000,29775.80000000,29840.22000000,757.50704000,1654616699999,22595524.43292220,13738,398.09407000,11874829.93962950,0
1654616700000,29840.22000000,29905.07000000,29801.61000000,29891.17000000,520.84350000,1654617599999,15554804.82497470,11804,251.16281000,7500283.40221590,0
1654617600000,29891.17000000,29899.38000000,29800.19000000,29841.29000000,402.43229000,1654618499999,12015751.55069510,9112,188.55523000,5629238.15660420,0
1654618500000,29841.29000000,29846.67000000,29747.62000000,29827.00000000,439.64977000,1654619399999,13103412.50961770,9846,216.00230000,6437041.63057640,0
1654619400000,29826.99000000,29950.00000000,29800.00000000,29913.53000000,531.29351000,1654620299999,15879862.39047210,9956,301.39879000,9008586.27221390,0
1654620300000,29913.53000000,29944.27000000,29873.34000000,29918.31000000,369.14177000,1654621199999,11042497.03009390,8728,165.48995000,4950475.03545930,0
1654621200000,29918.32000000,29972.73000000,29863.20000000,29939.06000000,447.60616000,1654622099999,13395782.71681590,10173,251.43842000,7525120.64703010,0
1654622100000,29939.06000000,29989.30000000,29893.57000000,29945.51000000,323.17566000,1654622999999,9678301.74280680,8583,162.17311000,4856504.98160730,0
1654623000000,29945.51000000,29958.02000000,29892.93000000,29912.05000000,211.86438000,1654623899999,6338377.46320460,7318,95.31100000,2851321.40222150,0
1654623900000,29912.05000000,29961.25000000,29906.03000000,29943.75000000,247.69026000,1654624799999,7414204.43778770,6985,116.98187000,3501459.25535370,0
1654624800000,29943.76000000,30167.26000000,29925.19000000,30147.79000000,779.84927000,1654625699999,23423568.63820120,13600,420.29070000,12624053.25850220,0
1654625700000,30147.79000000,30207.55000000,30080.00000000,30200.38000000,610.75067000,1654626599999,18411739.88233930,11752,315.45754000,9509318.19612020,0
1654626600000,30200.38000000,30268.65000000,30165.43000000,30171.97000000,710.14607000,1654627499999,21458435.76977000,13296,314.16934000,9494121.93882330,0
1654627500000,30171.97000000,30209.03000000,30131.88000000,30193.41000000,431.95935000,1654628399999,13035786.57064220,8696,215.59129000,6506360.17427860,0
1654628400000,30193.42000000,30460.72000000,30189.78000000,30427.20000000,1402.43879000,1654629299999,42551075.39967880,18545,818.46856000,24827812.57952880,0
1654629300000,30427.21000000,30445.06000000,30365.23000000,30411.76000000,699.69524000,1654630199999,21277120.41461130,11213,312.89659000,9514654.41827180,0
1654630200000,30411.76000000,30950.00000000,30407.91000000,30924.41000000,2546.36863000,1654631099999,78189865.04257220,33684,1538.91145000,47237488.50669270,0
1654631100000,30924.42000000,31429.85000000,30893.30000000,31059.71000000,4558.69378000,1654631999999,142058970.09661150,57368,2457.04457000,76564260.67367330,0
1654632000000,31059.71000000,31521.67000000,31048.99000000,31262.69000000,3062.52255000,1654632899999,95812693.48361760,38659,1834.48569000,57412114.36283120,0
1654632900000,31262.70000000,31589.60000000,31262.69000000,31347.74000000,2472.20302000,1654633799999,77744686.22239960,49178,1395.26723000,43881629.41995170,0
1654633800000,31347.74000000,31473.22000000,31268.01000000,31374.58000000,1994.98029000,1654634699999,62566727.29838180,33966,1160.58227000,36411256.00378790,0
1654634700000,31374.58000000,31429.99000000,31281.00000000,31350.33000000,996.87506000,1654635599999,31269996.84273680,20189,482.46468000,15136070.97697640,0
1654635600000,31350.33000000,31500.00000000,31349.80000000,31435.22000000,1016.39123000,1654636499999,31949452.01786090,18180,557.00267000,17507429.41939070,0
1654636500000,31435.23000000,31547.56000000,31296.66000000,31301.84000000,1233.98375000,1654637399999,38825897.27170600,21949,665.19846000,20931959.82410000,0
1654637400000,31301.84000000,31454.00000000,31271.10000000,31424.39000000,772.25234000,1654638299999,24214687.08686140,23994,440.87072000,13822455.66499160,0
1654638300000,31424.40000000,31482.69000000,31361.36000000,31401.21000000,548.73693000,1654639199999,17241199.57969720,17164,288.36693000,9060828.11191920,0
1654639200000,31401.21000000,31490.00000000,31391.19000000,31430.00000000,708.69155000,1654640099999,22286031.10433440,15834,365.52600000,11494466.56168700,0
1654640100000,31430.00000000,31466.35000000,31322.33000000,31382.78000000,880.65097000,1654640999999,27653493.17293070,15741,364.72601000,11450551.20300310,0
1654641000000,31382.78000000,31395.15000000,31077.02000000,31136.09000000,1385.28511000,1654641899999,43271980.94746540,24114,690.39935000,21556516.13753970,0
1654641900000,31136.08000000,31568.00000000,30300.00000000,31259.96000000,7328.28906000,1654642799999,226787640.59362990,101856,4043.58810000,125253926.97053350,0
1654642800000,31259.96000000,31332.53000000,30914.26000000,31179.25000000,3366.73233000,1654643699999,104711435.34008110,47568,1801.69181000,56035134.71806260,0
1654643700000,31179.26000000,31349.98000000,30930.00000000,31127.50000000,1565.40917000,1654644599999,48700806.98259140,28937,941.64452000,29285686.32071740,0
1654644600000,31127.49000000,31386.46000000,31127.49000000,31302.00000000,823.59801000,1654645499999,25743791.34984320,17066,464.56827000,14522795.26166750,0
1654645500000,31302.00000000,31353.47000000,31096.33000000,31125.33000000,640.81675000,1654646399999,19992160.84317230,13751,297.19025000,9271211.94617400,0
1654646400000,31125.32000000,31264.65000000,31050.83000000,31260.01000000,1366.53582000,1654647299999,42568863.90169350,18847,584.92881000,18220321.46179690,0
1654647300000,31260.95000000,31299.32000000,31137.02000000,31276.40000000,731.65703000,1654648199999,22845940.31932990,12663,395.86264000,12360735.55229480,0
1654648200000,31276.40000000,31327.22000000,31156.00000000,31161.50000000,865.23887000,1654649099999,27016912.17382530,12753,533.15037000,16644817.60009220,0
1654649100000,31161.50000000,31208.82000000,31062.76000000,31079.67000000,394.42674000,1654649999999,12283122.64712680,9396,167.52777000,5217297.88595560,0
1654650000000,31079.67000000,31092.83000000,30738.51000000,30992.04000000,1986.88516000,1654650899999,61435446.20681770,27982,969.02755000,29967469.12586200,0
1654650900000,30992.05000000,31138.59000000,30933.11000000,31088.17000000,1026.51276000,1654651799999,31863929.29484880,16107,563.83056000,17498769.31855680,0
1654651800000,31088.18000000,31230.00000000,31020.90000000,31112.20000000,683.75085000,1654652699999,21281462.36573150,13198,352.91920000,10986680.39142690,0
1654652700000,31112.20000000,31139.94000000,31025.51000000,31118.19000000,341.84374000,1654653599999,10627991.51840360,8156,171.23579000,5323835.15017190,0
1654653600000,31118.19000000,31244.16000000,31107.30000000,31140.56000000,594.91055000,1654654499999,18549865.28696820,12906,306.64587000,9561694.76456890,0
1654654500000,31140.56000000,31188.02000000,31062.29000000,31099.59000000,317.43546000,1654655399999,9878217.09377500,8475,143.72799000,4472688.96233090,0
1654655400000,31099.59000000,31192.99000000,31053.33000000,31078.07000000,377.70976000,1654656299999,11760689.90829350,7215,163.28284000,5083926.41791710,0
1654656300000,31078.07000000,31096.37000000,30948.83000000,30973.14000000,513.11331000,1654657199999,15914555.41401630,9376,209.76867000,6505756.49755940,0
1654657200000,30973.13000000,31028.92000000,30843.18000000,30900.28000000,659.24665000,1654658099999,20395601.60949930,12462,277.94089000,8599169.34488770,0
1654658100000,30900.28000000,30900.29000000,30201.00000000,30246.71000000,3393.39956000,1654658999999,103549735.42420740,42037,1485.03369000,45310364.38802960,0
1654659000000,30246.72000000,30246.72000000,29843.88000000,29883.33000000,3932.32300000,1654659899999,117985953.54099240,51274,1597.57046000,47927343.19974100,0
1654659900000,29883.34000000,30227.76000000,29859.05000000,30026.72000000,2472.23844000,1654660799999,74296361.61952740,35754,1119.23318000,33626218.67035680,0
1654660800000,30026.71000000,30332.26000000,29872.55000000,30275.71000000,4032.52632000,1654661699999,121310349.14538110,34063,1543.76057000,46387927.59257830,0
1654661700000,30275.71000000,30396.00000000,30215.93000000,30296.95000000,1084.01269000,1654662599999,32835682.16529730,16307,566.50016000,17156876.99691490,0
1654662600000,30296.96000000,30327.36000000,30175.28000000,30301.58000000,542.07932000,1654663499999,16398925.89361970,10021,248.80880000,7528087.32628430,0
1654663500000,30301.59000000,30359.18000000,30216.44000000,30248.45000000,569.90835000,1654664399999,17260194.00753800,10299,268.12611000,8120186.51943240,0
1654664400000,30248.45000000,30355.66000000,30215.00000000,30295.11000000,355.50369000,1654665299999,10771201.37858160,8641,204.70081000,6202118.31262980,0
1654665300000,30295.10000000,30332.46000000,30213.34000000,30260.72000000,449.17523000,1654666199999,13597792.28100580,7852,201.67480000,6105486.78687610,0
1654666200000,30260.71000000,30648.45000000,30250.00000000,30543.54000000,1220.25591000,1654667099999,37189533.35527630,19774,707.85520000,21568573.39993640,0
1654667100000,30543.53000000,30650.02000000,30482.96000000,30548.89000000,656.89134000,1654667999999,20068951.48338040,12057,333.53091000,10189354.00565710,0
1654668000000,30548.89000000,30686.63000000,30492.64000000,30492.65000000,888.11006000,1654668899999,27157277.19554030,12831,351.86624000,10759677.51480380,0
1654668900000,30492.64000000,30556.11000000,30352.58000000,30428.61000000,596.42051000,1654669799999,18168793.69667750,12542,249.94628000,7614930.95825450,0
1654669800000,30428.69000000,30492.85000000,30390.00000000,30453.53000000,496.92861000,1654670699999,15123069.49940900,9846,283.92229000,8639194.59136080,0
1654670700000,30453.53000000,30536.32000000,30415.00000000,30534.75000000,414.09185000,1654671599999,12624120.41795050,9599,246.42932000,7512261.86278120,0
1654671600000,30534.74000000,30551.52000000,30328.85000000,30453.03000000,658.21732000,1654672499999,20031143.55245900,12231,299.46027000,9113525.29048230,0
1654672500000,30453.04000000,30460.92000000,30314.45000000,30385.72000000,420.65286000,1654673399999,12779260.78796890,9904,203.79261000,6191032.01908040,0
1654673400000,30385.72000000,30492.73000000,30357.75000000,30492.73000000,319.56006000,1654674299999,9719286.52857920,8498,171.29664000,5209636.02198230,0
1654674300000,30492.73000000,30637.84000000,30475.74000000,30561.77000000,606.50230000,1654675199999,18536673.37556480,15027,306.44167000,9364698.39159450,0
1654675200000,30561.77000000,30616.85000000,30481.85000000,30512.53000000,602.31294000,1654676099999,18403973.40974480,11759,287.90585000,8797000.46678520,0
1654676100000,30512.54000000,30571.28000000,30431.48000000,30517.03000000,489.83270000,1654676999999,14947925.03732690,11454,237.55598000,7248697.75180320,0
1654677000000,30517.03000000,30567.98000000,30443.97000000,30526.31000000,377.52364000,1654677899999,11519422.00527160,10319,191.49096000,5843118.27280940,0
1654677900000,30526.31000000,30559.10000000,30460.62000000,30505.23000000,344.06865000,1654678799999,10493040.06565310,8833,156.30023000,4766582.73831430,0
1654678800000,30505.24000000,30514.07000000,30393.33000000,30453.56000000,441.07744000,1654679699999,13427769.00309410,11307,206.03626000,6272179.39513570,0
1654679700000,30453.55000000,30472.01000000,30373.17000000,30446.28000000,401.49071000,1654680599999,12213031.28492640,10199,167.69961000,5101160.59693250,0
1654680600000,30446.29000000,30575.76000000,30412.30000000,30529.46000000,507.68398000,1654681499999,15492447.81868060,12322,223.65814000,6824842.42354260,0
1654681500000,30529.46000000,30530.61000000,30426.27000000,30530.60000000,359.70199000,1654682399999,10961634.00091800,9202,167.17606000,5094783.60270970,0
1654682400000,30530.60000000,30535.31000000,30401.09000000,30418.12000000,374.04978000,1654683299999,11389233.50998600,9733,164.94596000,5022395.05706400,0
1654683300000,30418.11000000,30458.51000000,30399.00000000,30417.72000000,273.04182000,1654684199999,8307569.19677670,7557,127.32268000,3873953.47846850,0
1654684200000,30417.73000000,30449.67000000,30398.48000000,30427.29000000,261.12798000,1654685099999,7945166.51788910,6669,116.12253000,3533039.53292820,0
1654685100000,30427.29000000,30435.75000000,30336.81000000,30382.78000000,296.53212000,1654685999999,9010494.52661750,8812,125.27707000,3806833.81519730,0
1654686000000,30382.79000000,30453.66000000,30340.72000000,30432.91000000,434.29802000,1654686899999,13205335.22323910,9102,226.65520000,6891393.50438610,0
1654686900000,30432.91000000,30477.31000000,30384.29000000,30413.91000000,299.51253000,1654687799999,9114818.94681650,7657,156.61959000,4766014.41182740,0
1654687800000,30413.91000000,30510.01000000,30404.96000000,30488.43000000,418.91203000,1654688699999,12762292.17219350,9683,199.48099000,6076522.86633210,0
1654688700000,30488.44000000,30488.44000000,30410.84000000,30410.85000000,446.93723000,1654689599999,13609420.87715360,7726,149.71875000,4557522.51216680,0
1654689600000,30410.85000000,30447.31000000,30372.32000000,30434.60000000,297.98252000,1654690499999,9061578.55581900,8068,125.76350000,3824089.77393280,0
1654690500000,30434.59000000,30450.22000000,30111.01000000,30214.11000000,1098.99774000,1654691399999,33279630.49447050,19315,502.25927000,15204076.62650300,0
1654691400000,30214.11000000,30298.47000000,30154.31000000,30211.48000000,669.81678000,1654692299999,20247311.94780990,14180,298.43084000,9020649.02059070,0
1654692300000,30211.48000000,30252.70000000,30137.78000000,30137.78000000,560.11707000,1654693199999,16920013.67352850,11825,295.46685000,8925052.58289840,0
1654693200000,30137.79000000,30333.64000000,30051.16000000,30310.92000000,983.56248000,1654694099999,29719151.40645520,17286,504.38542000,15243210.70144380,0
1654694100000,30310.93000000,30390.63000000,30249.79000000,30369.54000000,543.20819000,1654694999999,16465493.87261270,10757,276.54048000,8382509.55546120,0
1654695000000,30369.53000000,30689.83000000,30221.92000000,30496.59000000,2473.31741000,1654695899999,75472460.29856430,33120,1217.50101000,37150809.20252250,0
1654695900000,30496.59000000,30901.67000000,30480.59000000,30766.49000000,2582.92846000,1654696799999,79455963.63226340,32038,1485.68459000,45699699.69826970,0
1654696800000,30766.50000000,30797.00000000,30521.21000000,30523.11000000,1443.45391000,1654697699999,44239232.20788510,21766,629.97323000,19304408.22589810,0
1654697700000,30523.11000000,30651.63000000,30474.24000000,30503.52000000,997.06021000,1654698599999,30468616.10904870,16365,433.62639000,13253628.98655600,0
1654698600000,30503.52000000,30576.19000000,30344.91000000,30351.84000000,898.76694000,1654699499999,27394797.13732710,16004,412.53958000,12577683.87711340,0
1654699500000,30351.85000000,30458.80000000,30338.75000000,30425.75000000,808.70790000,1654700399999,24590232.44020840,15070,411.78082000,12520460.63041940,0
1654700400000,30425.76000000,30557.88000000,30375.39000000,30550.84000000,720.61606000,1654701299999,21954442.06239480,12076,401.20387000,12221408.73532930,0
1654701300000,30550.84000000,30558.06000000,30467.53000000,30480.05000000,603.49071000,1654702199999,18408205.04038590,10185,303.73252000,9264735.72920850,0
1654702200000,30480.05000000,30557.90000000,30391.00000000,30405.10000000,460.80161000,1654703099999,14055368.81650630,10489,270.67397000,8256771.22055580,0
1654703100000,30405.11000000,30493.05000000,30392.60000000,30476.77000000,401.72761000,1654703999999,12230144.63946570,9543,217.73603000,6628675.99881920,0
1654704000000,30476.77000000,30552.64000000,30428.57000000,30537.87000000,466.16036000,1654704899999,14217288.99846060,10208,270.60949000,8253200.15029700,0
1654704900000,30537.88000000,30544.77000000,30376.74000000,30439.94000000,522.55137000,1654705799999,15913691.56006730,11114,254.52084000,7749159.29073460,0
1654705800000,30439.93000000,30441.05000000,30230.00000000,30232.51000000,765.69138000,1654706699999,23208052.69728840,15702,327.40258000,9923225.64815540,0
1654706700000,30232.51000000,30346.23000000,30213.92000000,30331.51000000,552.98129000,1654707599999,16756941.52118850,11811,264.21082000,8005993.69344380,0
1654707600000,30331.51000000,30390.87000000,30287.62000000,30350.30000000,400.97145000,1654708499999,12162533.59003270,9985,205.83747000,6243575.11634130,0
1654708500000,30350.31000000,30457.43000000,30340.98000000,30384.54000000,463.54576000,1654709399999,14090577.00828570,9020,267.55472000,8132019.72160570,0
1654709400000,30384.53000000,30388.99000000,30304.44000000,30376.78000000,305.37549000,1654710299999,9269268.73474200,7823,142.05143000,4311400.04394480,0
1654710300000,30376.77000000,30408.95000000,30356.90000000,30382.62000000,249.54350000,1654711199999,7583420.96851900,7457,123.04681000,3739178.11331230,0
1654711200000,30382.61000000,30421.05000000,30313.46000000,30334.29000000,292.35728000,1654712099999,8874456.75326940,8497,151.33009000,4593394.79259970,0
1654712100000,30334.28000000,30350.88000000,30151.71000000,30212.50000000,740.07914000,1654712999999,22362132.73406980,15409,323.17652000,9764325.92319460,0
1654713000000,30212.49000000,30229.60000000,29916.45000000,30193.53000000,1884.85173000,1654713899999,56655874.83855950,29268,745.87468000,22421498.88654120,0
1654713900000,30193.54000000,30330.00000000,30186.95000000,30234.87000000,767.48713000,1654714799999,23225409.15782560,14619,428.98531000,12981655.91642960,0
1654714800000,30234.86000000,30234.86000000,30075.17000000,30148.83000000,632.84764000,1654715699999,19079695.85414840,12758,300.41689000,9055983.11887310,0
1654715700000,30148.84000000,30287.99000000,30081.29000000,30229.63000000,447.38909000,1654716599999,13508788.96285730,11317,224.56079000,6779441.38970310,0
1654716600000,30228.80000000,30307.94000000,30222.71000000,30241.10000000,469.66156000,1654717499999,14212576.64022540,10155,262.75721000,7951165.54287830,0
1654717500000,30241.11000000,30272.20000000,30127.64000000,30140.14000000,425.13127000,1654718399999,12840433.29291730,10043,216.37158000,6534881.21297450,0
1654718400000,30140.14000000,30192.56000000,30102.86000000,30182.33000000,253.44851000,1654719299999,7641477.75165490,8244,135.37727000,4081012.18059860,0
1654719300000,30182.33000000,30217.31000000,30157.95000000,30198.03000000,189.90711000,1654720199999,5734265.51765200,7549,91.10763000,2750806.77165150,0
1654720200000,30198.03000000,30321.92000000,30172.46000000,30259.54000000,322.50297000,1654721099999,9754276.76246520,11506,164.38691000,4972080.94819430,0
1654721100000,30259.54000000,30259.54000000,30200.28000000,30202.53000000,231.87201000,1654721999999,7009380.29906380,9318,97.33845000,2942207.41788430,0
1654722000000,30202.53000000,30378.34000000,30200.16000000,30267.81000000,409.98194000,1654722899999,12420872.25204640,12399,225.02328000,6816544.97159820,0
1654722900000,30267.81000000,30336.26000000,30267.80000000,30304.14000000,194.05256000,1654723799999,5881443.87489310,6776,107.45793000,3256686.77366430,0
1654723800000,30304.14000000,30341.41000000,30299.09000000,30341.41000000,129.90252000,1654724699999,3938060.95454230,5369,56.74603000,1720170.04156870,0
1654724700000,30341.40000000,30499.00000000,30294.45000000,30424.25000000,400.96720000,1654725599999,12188256.87374180,9255,256.35015000,7794577.71666160,0
1654725600000,30424.24000000,30457.23000000,30335.73000000,30341.45000000,332.09052000,1654726499999,10088799.11063980,7527,158.05814000,4801513.74342110,0
1654726500000,30341.45000000,30350.87000000,30303.00000000,30327.08000000,193.85063000,1654727399999,5879329.01858370,5721,88.21033000,2675220.96412090,0
1654727400000,30327.09000000,30373.57000000,30283.32000000,30349.81000000,269.73523000,1654728299999,8180750.01849680,6581,146.81362000,4452171.15106740,0
1654728300000,30349.82000000,30392.74000000,30299.93000000,30310.55000000,265.36271000,1654729199999,8050878.79078270,6378,133.47777000,4049208.62684380,0
1654729200000,30310.55000000,30326.52000000,30285.28000000,30308.36000000,164.28820000,1654730099999,4978998.95769130,5154,88.93311000,2695107.17484010,0
1654730100000,30308.36000000,30370.17000000,30234.76000000,30290.20000000,281.82521000,1654730999999,8538170.89974930,5890,156.10489000,4729202.87449220,0
1654731000000,30290.19000000,30352.52000000,30214.70000000,30214.71000000,333.72481000,1654731899999,10104592.83329670,7336,157.35932000,4764380.65741660,0
1654731900000,30214.71000000,30263.45000000,30189.22000000,30204.77000000,341.75191000,1654732799999,10326612.09896350,7624,175.89480000,5314920.38536350,0
1654732800000,30204.77000000,30243.39000000,30117.35000000,30197.24000000,491.25758000,1654733699999,14824939.48168550,11740,247.27619000,7461842.41863290,0
1654733700000,30197.25000000,30197.25000000,30103.59000000,30138.22000000,371.97944000,1654734599999,11210258.65176470,8875,176.91420000,5331228.62372250,0
1654734600000,30138.21000000,30167.54000000,30070.24000000,30164.04000000,469.68771000,1654735499999,14145815.03172210,9681,238.84369000,7192980.13443190,0
1654735500000,30164.04000000,30274.24000000,30164.04000000,30223.76000000,424.33733000,1654736399999,12830575.02174170,8526,217.50591000,6575924.34429930,0
1654736400000,30223.76000000,30323.51000000,30213.33000000,30258.29000000,266.02562000,1654737299999,8054943.98043240,7717,136.73136000,4139368.02594500,0
1654737300000,30258.28000000,30305.32000000,30257.02000000,30279.69000000,200.80462000,1654738199999,6080756.57375900,5496,111.92621000,3389188.37104920,0
1654738200000,30279.69000000,30313.28000000,30238.16000000,30245.36000000,213.86205000,1654739099999,6474365.60822350,5406,109.24480000,3306770.23634060,0
1654739100000,30245.37000000,30245.37000000,30090.39000000,30090.50000000,534.14410000,1654739999999,16112684.24886360,11142,214.98962000,6484969.67018800,0
1654740000000,30090.51000000,30174.38000000,30075.42000000,30161.46000000,284.87572000,1654740899999,8581128.76005550,8307,157.69512000,4750268.18504440,0
1654740900000,30161.46000000,30195.97000000,30148.10000000,30185.85000000,225.30002000,1654741799999,6797221.58759430,6684,132.50453000,3997327.05069850,0
1654741800000,30185.84000000,30213.18000000,30157.82000000,30181.33000000,221.71228000,1654742699999,6691656.03620990,6494,111.08436000,3352635.93705020,0
1654742700000,30181.33000000,30205.09000000,30152.22000000,30203.15000000,163.54179000,1654743599999,4936787.37526220,5076,88.33030000,2666409.49610140,0
1654743600000,30203.14000000,30271.63000000,30189.54000000,30218.70000000,176.62119000,1654744499999,5340340.68384680,5592,83.84254000,2535395.37698980,0
1654744500000,30218.70000000,30272.49000000,30192.82000000,30260.28000000,217.64865000,1654745399999,6580830.47766950,5762,112.96343000,3415608.29133290,0
1654745400000,30260.28000000,30274.71000000,30231.86000000,30270.80000000,165.96769000,1654746299999,5021573.77057250,5152,96.86310000,2930815.76990210,0
1654746300000,30270.80000000,30303.51000000,30253.01000000,30293.49000000,181.15213000,1654747199999,5484866.51056340,4826,86.31583000,2613279.06910290,0
1654747200000,30293.50000000,30302.05000000,30262.40000000,30269.25000000,178.74551000,1654748099999,5412175.12950800,4748,85.94285000,2602202.54421220,0
1654748100000,30269.24000000,30291.45000000,30235.85000000,30281.10000000,184.55226000,1654748999999,5584703.52900580,4758,94.07638000,2846589.50489580,0
1654749000000,30281.10000000,30282.61000000,30242.49000000,30269.99000000,126.74894000,1654749899999,3835683.28384300,3804,65.96579000,1996135.84532140,0
1654749900000,30269.99000000,30271.28000000,30238.47000000,30267.46000000,202.07888000,1654750799999,6114101.20078430,4959,89.74658000,2715255.78180380,0
1654750800000,30267.46000000,30465.59000000,30250.35000000,30321.36000000,483.48916000,1654751699999,14675989.21418470,9926,279.76102000,8492033.69439850,0
1654751700000,30321.37000000,30400.00000000,30320.74000000,30379.99000000,404.47261000,1654752599999,12278871.19687770,6641,248.88466000,7555119.53456700,0
1654752600000,30379.99000000,30400.01000000,30342.68000000,30359.51000000,413.48942000,1654753499999,12558063.82724980,6703,187.39458000,5690253.34588520,0
1654753500000,30359.51000000,30368.95000000,30315.26000000,30315.29000000,505.23806000,1654754399999,15329083.04843020,6450,207.26630000,6287496.19796240,0
1654754400000,30315.29000000,30341.68000000,30301.72000000,30340.04000000,290.51401000,1654755299999,8811067.99452590,5435,148.46681000,4502720.98737450,0
1654755300000,30340.04000000,30340.04000000,30300.00000000,30312.81000000,232.58417000,1654756199999,7051073.43878250,4812,79.95199000,2423817.36765960,0
1654756200000,30312.80000000,30318.11000000,30283.57000000,30288.18000000,234.01295000,1654757099999,7090525.00788280,5090,98.50146000,2984484.09468290,0
1654757100000,30288.19000000,30350.00000000,30288.18000000,30334.47000000,219.65806000,1654757999999,6660452.61146760,5914,114.67007000,3476836.94752380,0
1654758000000,30334.46000000,30378.00000000,30317.21000000,30354.26000000,352.34408000,1654758899999,10693967.04329210,6032,233.07384000,7073793.69737310,0
1654758900000,30354.25000000,30425.48000000,30327.19000000,30417.21000000,423.18175000,1654759799999,12858101.79662730,7930,237.24573000,7208550.59413000,0
1654759800000,30417.22000000,30419.59000000,30339.74000000,30382.43000000,318.18752000,1654760699999,9662618.62704400,6197,116.20171000,3528519.35118540,0
1654760700000,30382.43000000,30487.54000000,30372.07000000,30487.54000000,536.11515000,1654761599999,16326921.43433150,9179,303.85337000,9253443.51131390,0
1654761600000,30487.53000000,30569.00000000,30388.05000000,30389.32000000,756.61379000,1654762499999,23059610.65542980,11319,386.77305000,11788092.35113370,0
1654762500000,30389.33000000,30461.94000000,30360.27000000,30435.51000000,343.13736000,1654763399999,10436496.20049650,7230,200.83293000,6108193.99244780,0
1654763400000,30435.50000000,30500.00000000,30400.00000000,30415.23000000,510.55108000,1654764299999,15545660.78828670,8297,234.48581000,7139759.50980860,0
1654764300000,30415.23000000,30549.00000000,30412.57000000,30510.57000000,559.03016000,1654765199999,17053825.70023330,9193,305.31957000,9313194.59962430,0
1654765200000,30510.56000000,30531.33000000,30483.33000000,30511.47000000,370.12643000,1654766099999,11293437.34088710,7616,208.05654000,6348429.66662110,0
1654766100000,30511.47000000,30618.46000000,30482.82000000,30584.25000000,536.95514000,1654766999999,16399306.00186070,10138,297.55570000,9089143.58071240,0
1654767000000,30584.25000000,30700.00000000,30566.68000000,30590.44000000,789.27271000,1654767899999,24172969.72892540,11513,395.10814000,12100457.06544440,0
1654767900000,30590.44000000,30627.71000000,30493.74000000,30549.46000000,547.36393000,1654768799999,16734003.97264720,9373,251.94890000,7703467.67168450,0
1654768800000,30549.45000000,30572.32000000,30503.00000000,30538.80000000,320.44755000,1654769699999,9786326.14151760,7782,141.15974000,4310800.51445590,0
1654769700000,30538.79000000,30587.86000000,30536.09000000,30587.86000000,323.45405000,1654770599999,9884301.94212360,7189,166.91716000,5100758.90742820,0
1654770600000,30587.85000000,30600.04000000,30509.99000000,30549.37000000,337.37701000,1654771499999,10304268.52785240,6952,139.08636000,4247423.22629150,0
1654771500000,30549.37000000,30557.28000000,30384.66000000,30433.81000000,548.96050000,1654772399999,16728739.93436420,10274,239.51520000,7296656.07279370,0
1654772400000,30433.81000000,30453.40000000,30374.03000000,30434.09000000,460.77041000,1654773299999,14015468.94846580,8477,235.77190000,7171571.97085440,0
1654773300000,30434.09000000,30448.42000000,30383.56000000,30423.99000000,338.02300000,1654774199999,10279944.74512860,6818,159.80035000,4859759.63221060,0
1654774200000,30424.00000000,30429.83000000,30335.00000000,30389.70000000,450.57556000,1654775099999,13692563.38385030,8213,166.97897000,5073884.16368890,0
1654775100000,30389.71000000,30442.30000000,30251.89000000,30299.47000000,735.58842000,1654775999999,22317940.83240280,11810,290.64528000,8818628.40548750,0
1654776000000,30299.46000000,30366.68000000,30263.33000000,30297.35000000,472.71221000,1654776899999,14330651.67557160,9337,223.22070000,6767444.84155000,0
1654776900000,30297.35000000,30297.35000000,30004.77000000,30225.51000000,3835.14302000,1654777799999,115431351.30119900,35002,2281.70678000,68633264.74320630,0
1654777800000,30225.51000000,30225.51000000,30052.66000000,30086.11000000,1144.16561000,1654778699999,34458299.47724290,16490,506.40788000,15250009.04560140,0
1654778700000,30086.11000000,30165.88000000,30072.46000000,30112.88000000,692.07392000,1654779599999,20844377.43263390,10067,335.50883000,10104515.18033060,0
1654779600000,30112.87000000,30199.00000000,30066.63000000,30157.69000000,606.08623000,1654780499999,18263620.79537430,9849,326.89934000,9851323.73252130,0
1654780500000,30157.68000000,30220.43000000,30136.52000000,30139.18000000,523.34125000,1654781399999,15789555.92985000,8929,235.42580000,7102778.93708730,0
1654781400000,30139.18000000,30258.99000000,29944.10000000,30000.94000000,1667.73707000,1654782299999,50187239.78051240,22225,749.74128000,22565400.27379850,0
1654782300000,30000.94000000,30238.20000000,30000.77000000,30167.30000000,1134.66092000,1654783199999,34189144.27402770,15878,587.14519000,17689741.08726730,0
1654783200000,30167.30000000,30235.04000000,30059.29000000,30177.75000000,927.48818000,1654784099999,27963215.26902910,12503,471.98723000,14230277.34586310,0
1654784100000,30177.75000000,30271.20000000,30154.26000000,30256.64000000,917.91230000,1654784999999,27729510.43057050,11977,472.65541000,14277634.38003430,0
1654785000000,30256.64000000,30287.07000000,30187.95000000,30205.55000000,621.91672000,1654785899999,18805016.89084280,11157,286.44072000,8660607.51636130,0
1654785900000,30205.56000000,30205.56000000,30079.00000000,30116.57000000,553.88149000,1654786799999,16684916.94574890,10756,267.32781000,8053097.24750380,0
1654786800000,30116.56000000,30138.21000000,30036.19000000,30098.83000000,622.29996000,1654787699999,18718713.49139610,11582,327.80160000,9859525.32471900,0
1654787700000,30098.82000000,30186.44000000,30089.16000000,30133.64000000,405.10279000,1654788599999,12209682.51783590,8562,245.64258000,7403432.02911660,0
1654788600000,30133.63000000,30389.05000000,30122.71000000,30323.31000000,648.51997000,1654789499999,19622032.67157470,13495,379.96252000,11492000.63178730,0
1654789500000,30323.32000000,30339.77000000,30192.18000000,30302.24000000,685.39088000,1654790399999,20749908.92744460,10994,392.65349000,11886013.94818430,0
1654790400000,30302.23000000,30329.72000000,30180.20000000,30208.94000000,694.05283000,1654791299999,20992624.40215460,11003,283.47785000,8576257.89377190,0
1654791300000,30208.95000000,30224.20000000,30180.49000000,30215.02000000,369.06144000,1654792199999,11146389.83893300,7812,200.47537000,6054588.42053180,0
1654792200000,30215.01000000,30375.34000000,30188.00000000,30349.40000000,701.35581000,1654793099999,21240574.48755630,10212,431.42523000,13065324.62428860,0
1654793100000,30349.40000000,30374.38000000,30297.72000000,30351.93000000,530.23648000,1654793999999,16080497.46634080,9380,258.34601000,7834894.53653810,0
1654794000000,30351.94000000,30450.00000000,30305.96000000,30319.56000000,926.86973000,1654794899999,28152966.98678290,14204,446.59584000,13566333.91897840,0
1654794900000,30319.55000000,30349.30000000,30250.33000000,30261.51000000,404.53699000,1654795799999,12257511.33522140,8714,200.30062000,6068618.81732110,0
1654795800000,30261.52000000,30285.70000000,30208.69000000,30218.82000000,441.50744000,1654796699999,13356114.28327570,8792,216.19653000,6539549.36467660,0
1654796700000,30218.83000000,30323.54000000,30207.92000000,30323.53000000,375.24998000,1654797599999,11359701.75655140,7429,219.21654000,6635891.34140820,0
1654797600000,30323.54000000,30347.00000000,30254.53000000,30319.38000000,367.47472000,1654798499999,11136189.16707660,8348,172.92795000,5240214.58468420,0
1654798500000,30319.39000000,30336.37000000,30170.00000000,30238.07000000,445.37921000,1654799399999,13474891.01689630,10176,202.86565000,6138038.55416620,0
1654799400000,30238.07000000,30238.08000000,30141.91000000,30163.34000000,446.12995000,1654800299999,13460633.10168100,10717,181.24433000,5468333.27431760,0
1654800300000,30163.34000000,30195.36000000,30143.81000000,30148.23000000,475.49273000,1654801199999,14342285.82336170,10078,150.93649000,4553170.16340080,0
1654801200000,30148.23000000,30158.07000000,30102.00000000,30115.28000000,411.17574000,1654802099999,12386694.89460490,9197,175.10315000,5274572.95229040,0
1654802100000,30115.28000000,30173.22000000,30089.29000000,30092.54000000,424.64214000,1654802999999,12791337.92738690,7898,216.97785000,6535455.12216320,0
1654803000000,30092.53000000,30133.54000000,30088.01000000,30132.02000000,311.89580000,1654803899999,9391155.95553960,6936,151.32830000,4556084.07622910,0
1654803900000,30132.02000000,30140.41000000,29976.00000000,30017.12000000,663.48891000,1654804799999,19947630.87730860,11968,279.91838000,8417351.07675320,0
1654804800000,30017.12000000,30157.14000000,29970.51000000,30127.63000000,830.12350000,1654805699999,24945392.77692600,15290,455.66705000,13691198.01579320,0
1654805700000,30127.63000000,30155.44000000,30081.65000000,30127.47000000,401.15261000,1654806599999,12082486.45788600,7558,195.98848000,5902319.65757060,0
1654806600000,30127.47000000,30138.90000000,30101.04000000,30101.05000000,186.37654000,1654807499999,5614280.07931680,5273,88.02446000,2651549.09368210,0
1654807500000,30101.05000000,30197.77000000,30101.04000000,30185.93000000,285.62511000,1654808399999,8613743.96978620,6920,142.43494000,4294818.87676270,0
1654808400000,30185.92000000,30250.00000000,30161.24000000,30249.99000000,372.02633000,1654809299999,11233740.27942260,8031,197.55560000,5965953.69093960,0
1654809300000,30249.99000000,30250.00000000,30168.52000000,30177.20000000,205.96523000,1654810199999,6222641.14168810,5847,95.01050000,2870694.16061990,0
1654810200000,30177.20000000,30216.69000000,30134.61000000,30216.68000000,99.12429000,1654811099999,2991319.43849990,5262,58.94056000,1778707.41103810,0
1654811100000,30216.69000000,30217.03000000,30136.08000000,30139.31000000,108.41479000,1654811999999,3270445.84616110,5254,37.48288000,1130694.02796920,0
1654812000000,30139.30000000,30155.66000000,30096.58000000,30096.59000000,329.75264000,1654812899999,9935095.39487170,7869,131.50990000,3962451.01217900,0
1654812900000,30096.59000000,30114.60000000,30037.68000000,30093.23000000,394.68389000,1654813799999,11871922.47662840,7189,180.77255000,5436949.48133770,0
1654813800000,30093.23000000,30122.62000000,30017.00000000,30053.21000000,313.79413000,1654814699999,9431715.07024050,9063,131.32852000,3947312.57456440,0
1654814700000,30053.20000000,30086.18000000,30021.16000000,30067.61000000,205.07403000,1654815599999,6162169.20448890,5325,109.16233000,3280366.91431030,0
1654815600000,30067.61000000,30067.62000000,30000.84000000,30026.85000000,375.02369000,1654816499999,11259603.78379360,6785,169.22151000,5080056.96399140,0
1654816500000,30026.84000000,30114.75000000,30000.00000000,30092.30000000,758.23546000,1654817399999,22770345.10914110,7864,294.24158000,8840347.84976590,0
1654817400000,30092.30000000,30122.69000000,30070.72000000,30107.18000000,179.65512000,1654818299999,5407921.85065740,4686,91.66415000,2759204.55176970,0
1654818300000,30107.19000000,30124.04000000,30091.79000000,30109.93000000,156.59917000,1654819199999,4714806.73519780,4431,91.43432000,2752751.38790910,0
1654819200000,30109.93000000,30145.38000000,30000.00000000,30001.40000000,988.15265000,1654820099999,29679057.00768290,11394,337.64002000,10147801.32604360,0
1654820100000,30001.40000000,30008.93000000,29578.96000000,29806.44000000,4868.08052000,1654820999999,145182093.55723480,56878,1582.83161000,47088730.03348050,0
1654821000000,29806.43000000,29861.76000000,29692.00000000,29832.12000000,907.19377000,1654821899999,27003651.54521640,16482,417.87849000,12438669.95531880,0
1654821900000,29832.13000000,29888.18000000,29755.11000000,29755.12000000,550.66987000,1654822799999,16429392.74146310,10721,233.01251000,6952620.55306880,0
1654822800000,29755.11000000,29831.33000000,29739.90000000,29797.78000000,499.06041000,1654823699999,14863283.00042660,9433,251.56604000,7491530.20040450,0
1654823700000,29797.78000000,30057.51000000,29768.55000000,29969.98000000,1018.46778000,1654824599999,30500365.70861200,14602,581.59696000,17413859.05573520,0
1654824600000,29969.97000000,29982.58000000,29906.71000000,29917.41000000,249.13007000,1654825499999,7458435.23919430,6420,124.62742000,3730823.92705380,0
1654825500000,29917.40000000,29947.69000000,29865.90000000,29885.72000000,290.82797000,1654826399999,8699806.89004650,6798,136.32823000,4077957.89091780,0
1654826400000,29885.73000000,30039.13000000,29874.06000000,29974.91000000,454.08910000,1654827299999,13608527.44698810,9054,251.06684000,7523281.20726490,0
1654827300000,29974.90000000,30031.91000000,29974.21000000,30012.96000000,206.27388000,1654828199999,6189229.66137410,5645,104.68180000,3140779.72950200,0
1654828200000,30012.95000000,30030.91000000,29978.44000000,29995.96000000,232.39929000,1654829099999,6971094.54410120,5657,117.47454000,3523587.37057140,0
1654829100000,29995.95000000,30024.01000000,29990.37000000,30024.00000000,160.88231000,1654829999999,4827566.70612480,3960,100.96556000,3029532.75603350,0
1654830000000,30024.00000000,30382.80000000,30024.00000000,30186.93000000,4023.86959000,1654830899999,121350414.18803910,35456,2973.25506000,89618448.86265520,0
1654830900000,30186.93000000,30269.68000000,30156.50000000,30213.88000000,532.68986000,1654831799999,16094933.61503140,9160,308.12589000,9309991.49493430,0
1654831800000,30213.89000000,30231.94000000,30161.15000000,30169.30000000,284.62984000,1654832699999,8593972.68267510,5781,112.98871000,3411080.22185720,0
1654832700000,30169.29000000,30180.53000000,30080.00000000,30114.38000000,243.42128000,1654833599999,7334738.66113520,6045,107.70684000,3244975.13555580,0
1654833600000,30114.38000000,30147.20000000,30042.13000000,30083.77000000,383.31286000,1654834499999,11537035.08335400,7583,153.44212000,4619024.71180400,0
1654834500000,30083.76000000,30122.14000000,30051.09000000,30071.91000000,186.02090000,1654835399999,5599030.05784140,4912,100.44623000,3023187.77113790,0
1654835400000,30071.91000000,30110.85000000,30062.74000000,30076.40000000,218.94610000,1654836299999,6587713.88725700,4862,136.59322000,4109894.83270360,0
1654836300000,30076.41000000,30116.58000000,30057.96000000,30093.00000000,246.65675000,1654837199999,7421665.94230730,5203,134.68838000,4052232.46433320,0
1654837200000,30093.00000000,30168.62000000,30087.94000000,30129.09000000,278.99261000,1654838099999,8406746.68802190,5665,157.92064000,4758541.65750350,0
1654838100000,30129.09000000,30163.04000000,30129.08000000,30161.97000000,155.80469000,1654838999999,4697347.26820070,4190,70.31595000,2119710.89547500,0
1654839000000,30161.97000000,30184.63000000,30159.44000000,30163.32000000,128.36625000,1654839899999,3872775.35318880,4321,69.67540000,2101916.13828680,0
1654839900000,30163.33000000,30185.00000000,30100.00000000,30104.12000000,267.58163000,1654840799999,8062171.01989980,5414,108.00630000,3254754.88256160,0
1654840800000,30104.11000000,30174.85000000,30072.45000000,30166.51000000,523.46119000,1654841699999,15765842.32762200,7499,223.60642000,6736293.79783740,0
1654841700000,30166.51000000,30226.79000000,30067.97000000,30144.96000000,820.20742000,1654842599999,24724258.17023160,11186,396.00193000,11937311.26460160,0
1654842600000,30144.96000000,30160.27000000,30092.10000000,30100.92000000,255.67866000,1654843499999,7700702.52898560,6496,119.57466000,3601264.41879780,0
1654843500000,30100.93000000,30120.00000000,30078.50000000,30095.48000000,233.25827000,1654844399999,7020986.17807520,6104,98.80384000,2974123.37192450,0
1654844400000,30095.48000000,30135.68000000,30076.02000000,30078.48000000,228.98944000,1654845299999,6895493.92337650,6587,118.27249000,3561542.37408250,0
1654845300000,30078.49000000,30108.36000000,30060.00000000,30096.28000000,304.24876000,1654846199999,9152636.30486900,6283,152.16604000,4577370.72745160,0
1654846200000,30096.28000000,30130.13000000,30083.76000000,30115.24000000,327.43837000,1654847099999,9858630.10657330,5700,136.74151000,4116868.51214140,0
1654847100000,30115.25000000,30131.90000000,30052.43000000,30052.43000000,357.76608000,1654847999999,10762661.33661210,6435,130.16183000,3916125.32213980,0
1654848000000,30052.44000000,30114.25000000,30045.30000000,30068.65000000,351.70018000,1654848899999,10578154.10243570,6748,181.48221000,5458520.74312310,0
1654848900000,30068.65000000,30088.30000000,30005.00000000,30032.09000000,469.79472000,1654849799999,14114600.81790200,7362,268.83563000,8076099.05316340,0
1654849800000,30032.09000000,30073.32000000,30005.00000000,30024.95000000,1370.12478000,1654850699999,41127803.01298680,9645,443.90224000,13325187.38684210,0
1654850700000,30024.95000000,30075.73000000,30011.08000000,30020.81000000,275.37631000,1654851599999,8273004.52584810,6941,135.27853000,4063875.18799820,0
1654851600000,30020.80000000,30041.52000000,30005.00000000,30006.24000000,798.43435000,1654852499999,23959824.11887240,9142,182.54202000,5478212.67593730,0
1654852500000,30006.23000000,30078.84000000,29901.00000000,30041.00000000,2569.56726000,1654853399999,77070819.49969070,26971,561.83854000,16842506.65845470,0
1654853400000,30041.00000000,30058.51000000,29966.18000000,29995.99000000,419.52468000,1654854299999,12585180.59792760,11122,213.50610000,6404300.27477010,0
1654854300000,29995.98000000,30009.94000000,29868.00000000,29897.09000000,564.31556000,1654855199999,16882994.31449420,12985,276.98595000,8285888.90568540,0
1654855200000,29897.09000000,29936.76000000,29875.09000000,29915.20000000,541.88682000,1654856099999,16206452.10645270,10655,278.15660000,8318516.44848260,0
1654856100000,29915.20000000,29987.31000000,29914.23000000,29975.86000000,378.86873000,1654856999999,11344285.62108380,8425,197.67001000,5918637.26982290,0
1654857000000,29975.85000000,29999.52000000,29950.96000000,29968.80000000,284.86748000,1654857899999,8539223.88923360,7590,142.25967000,4264371.24904070,0
1654857900000,29968.81000000,30012.88000000,29965.92000000,30000.65000000,269.36493000,1654858799999,8079417.71756510,6546,142.88169000,4285542.06999640,0
1654858800000,30000.64000000,30040.11000000,29982.08000000,30009.62000000,285.26842000,1654859699999,8560567.97400360,6565,151.93043000,4559120.45276180,0
1654859700000,30009.61000000,30012.59000000,29968.91000000,29976.83000000,228.51589000,1654860599999,6854125.96275050,5274,112.65834000,3378835.57768980,0
1654860600000,29976.84000000,30089.51000000,29976.83000000,30041.74000000,293.54282000,1654861499999,8819256.31659080,7117,171.73979000,5159634.77936480,0
1654861500000,30041.74000000,30042.74000000,30018.46000000,30020.56000000,164.89115000,1654862399999,4951952.43385950,5304,79.02238000,2373164.08597920,0
1654862400000,30020.56000000,30150.00000000,29989.09000000,30119.51000000,479.22279000,1654863299999,14411431.65373380,9662,270.56960000,8137861.05901830,0
1654863300000,30119.50000000,30184.40000000,30069.52000000,30106.32000000,499.75679000,1654864199999,15055846.04882470,10346,237.47854000,7154350.27112230,0
1654864200000,30106.32000000,30106.33000000,29501.00000000,29697.39000000,6111.35858000,1654865099999,181546246.66937780,80671,2686.59354000,79789664.41652950,0
1654865100000,29697.39000000,29798.86000000,29580.00000000,29642.60000000,2121.21941000,1654865999999,62989715.86076820,28174,998.27438000,29643943.83052240,0
1654866000000,29642.60000000,29717.10000000,29582.01000000,29645.47000000,1106.85168000,1654866899999,32818505.89828420,18681,544.06885000,16130839.07305240,0
1654866900000,29645.47000000,29653.98000000,29304.03000000,29449.16000000,2714.12675000,1654867799999,79972232.30161750,38470,1077.00577000,31735915.42583700,0
1654867800000,29449.17000000,29537.32000000,29258.00000000,29524.73000000,2588.15303000,1654868699999,76100449.88912780,37845,1267.03012000,37261121.18078860,0
1654868700000,29524.74000000,29582.36000000,29350.30000000,29396.04000000,1548.36314000,1654869599999,45592454.82874140,23383,731.39128000,21531445.83674280,0
1654869600000,29396.04000000,29425.00000000,29222.67000000,29350.00000000,1846.19881000,1654870499999,54140828.08812240,25877,964.29597000,28278714.38199530,0
1654870500000,29350.01000000,29483.72000000,29335.25000000,29453.62000000,1110.98037000,1654871399999,32686310.46489400,18011,622.64784000,18317784.75514070,0
1654871400000,29453.62000000,29644.20000000,29447.50000000,29632.03000000,1182.57330000,1654872299999,34956348.95240030,23299,620.41282000,18338218.89586460,0
1654872300000,29632.03000000,29694.47000000,29540.00000000,29565.01000000,959.54582000,1654873199999,28414570.49340820,18208,478.93125000,14183598.12607460,0
1654873200000,29565.01000000,29622.59000000,29526.27000000,29530.50000000,611.65495000,1654874099999,18093086.62600640,13839,283.89332000,8397382.90537310,0
1654874100000,29530.50000000,29532.21000000,29353.81000000,29396.91000000,1094.66534000,1654874999999,32238341.73228930,22573,451.89243000,13307394.85358840,0
1654875000000,29396.92000000,29460.71000000,29358.74000000,29451.31000000,764.17830000,1654875899999,22467780.77708010,14398,379.80669000,11167577.89946130,0
1654875900000,29451.30000000,29497.89000000,29404.68000000,29454.53000000,534.81107000,1654876799999,15747783.17321700,10030,278.14243000,8189512.31084330,0
1654876800000,29454.52000000,29484.45000000,29340.36000000,29352.37000000,645.89424000,1654877699999,19000155.78176200,12211,286.81876000,8437622.08854160,0
1654877700000,29352.38000000,29406.91000000,28864.14000000,28971.77000000,3687.12256000,1654878599999,107203052.57886930,55452,1359.16831000,39520448.43724840,0
1654878600000,28971.78000000,29169.36000000,28850.00000000,29004.17000000,2484.70801000,1654879499999,72038212.27737030,36887,1229.59409000,35652648.55630930,0
1654879500000,29004.17000000,29101.64000000,28921.87000000,29045.46000000,1200.37905000,1654880399999,34826758.25875170,19870,587.14605000,17028650.23623510,0
1654880400000,29045.47000000,29064.99000000,28922.72000000,28951.81000000,956.29928000,1654881299999,27723800.21708680,16604,444.26270000,12879253.10090260,0
1654881300000,28951.81000000,29186.55000000,28932.64000000,29157.18000000,929.45498000,1654882199999,27014419.21563880,16534,527.61770000,15334644.57512280,0
1654882200000,29157.17000000,29157.20000000,29067.04000000,29127.33000000,724.43650000,1654883099999,21090594.13669840,13421,381.98633000,11120147.66414850,0
1654883100000,29127.33000000,29197.10000000,29083.31000000,29115.01000000,505.54774000,1654883999999,14730950.08943490,11668,245.11402000,7141353.64487860,0
1654884000000,29115.01000000,29140.66000000,29033.14000000,29104.75000000,487.62600000,1654884899999,14185812.69726880,10668,224.92238000,6542701.16412310,0
1654884900000,29104.75000000,29142.06000000,29050.00000000,29062.81000000,398.20348000,1654885799999,11588005.80337310,8865,208.03997000,6053881.83663260,0
1654885800000,29062.82000000,29091.58000000,28976.67000000,28995.06000000,426.05691000,1654886699999,12369591.01732770,10083,183.06116000,5314449.99769010,0
1654886700000,28995.05000000,29099.30000000,28984.91000000,29056.80000000,549.97204000,1654887599999,15960033.92929280,10129,300.95091000,8733614.58987690,0
1654887600000,29056.79000000,29073.66000000,28950.12000000,29041.52000000,646.06779000,1654888499999,18741706.88999470,11206,277.00061000,8034927.99149230,0
1654888500000,29041.51000000,29160.00000000,28945.63000000,29044.27000000,705.25631000,1654889399999,20488021.70683200,12150,357.07033000,10373736.08850500,0
1654889400000,29044.27000000,29139.46000000,29017.44000000,29040.59000000,467.86461000,1654890299999,13607691.35905020,10401,232.50190000,6761634.64820920,0
1654890300000,29040.58000000,29050.63000000,28968.76000000,28980.02000000,635.71875000,1654891199999,18436549.56279800,12056,281.13354000,8151998.15967210,0
1654891200000,28980.03000000,29181.81000000,28970.00000000,29117.97000000,644.69487000,1654892099999,18762757.31566930,11070,365.21470000,10628212.05377140,0
1654892100000,29117.98000000,29261.39000000,29117.97000000,29204.95000000,521.86298000,1654892999999,15238381.00648440,10494,274.81064000,8024363.82589620,0
1654893000000,29204.96000000,29221.99000000,29177.54000000,29178.01000000,308.50289000,1654893899999,9009007.80486470,8625,152.04353000,4439525.21601620,0
1654893900000,29178.01000000,29229.48000000,29153.00000000,29204.02000000,391.30654000,1654894799999,11423785.05652210,8305,192.15612000,5610245.26486260,0
1654894800000,29204.01000000,29226.72000000,29174.91000000,29184.01000000,177.23327000,1654895699999,5174908.88157430,6688,78.13668000,2281415.83381260,0
1654895700000,29184.01000000,29206.19000000,29167.18000000,29175.59000000,169.21729000,1654896599999,4937983.53478340,5275,99.58815000,2906125.54505270,0
1654896600000,29175.58000000,29249.98000000,29154.81000000,29228.65000000,125.60479000,1654897499999,3666363.15990130,5882,67.20016000,1961660.30362540,0
1654897500000,29228.64000000,29400.00000000,29200.00000000,29200.01000000,380.86691000,1654898399999,11155909.96705060,12701,182.93580000,5358218.22747190,0
1654898400000,29200.01000000,29304.21000000,29195.44000000,29250.00000000,349.20433000,1654899299999,10220761.10074010,8470,183.63689000,5375230.71704500,0
1654899300000,29250.01000000,29280.03000000,29142.14000000,29170.11000000,411.95923000,1654900199999,12033289.20547560,7377,130.79408000,3820152.99634660,0
1654900200000,29170.11000000,29181.65000000,29100.00000000,29135.01000000,339.00389000,1654901099999,9880746.63059640,7513,141.34765000,4119700.36719930,0
1654901100000,29135.01000000,29243.46000000,29135.01000000,29178.15000000,375.28029000,1654901999999,10955572.09813660,7696,234.90834000,6857606.95250010,0
1654902000000,29178.15000000,29212.80000000,29148.50000000,29183.60000000,270.69275000,1654902899999,7898067.10893390,6952,150.23394000,4382736.96093400,0
1654902900000,29183.59000000,29187.62000000,29031.52000000,29115.46000000,580.71768000,1654903799999,16907863.47561990,12493,286.17056000,8331473.78615320,0
1654903800000,29115.45000000,29144.44000000,29067.43000000,29085.00000000,387.09909000,1654904699999,11263865.46874550,9129,192.42165000,5598886.62352300,0
1654904700000,29085.00000000,29108.31000000,29048.24000000,29091.88000000,354.12237000,1654905599999,10299821.31688710,7948,162.93363000,4738897.48673060,0
1654905600000,29091.87000000,29200.00000000,29047.93000000,29178.29000000,546.84630000,1654906499999,15925134.63667840,10572,300.40051000,8747968.10733780,0
1654906500000,29178.29000000,29228.70000000,29139.89000000,29190.63000000,437.15078000,1654907399999,12755118.45813790,7364,278.77409000,8133148.95713270,0
1654907400000,29190.63000000,29248.42000000,29175.04000000,29226.16000000,372.60730000,1654908299999,10887347.25643480,7667,196.45568000,5740084.41583790,0
1654908300000,29226.17000000,29248.19000000,29213.89000000,29233.79000000,155.65128000,1654909199999,4550541.31693230,5054,80.23296000,2345595.95074000,0
1654909200000,29233.79000000,29259.34000000,29196.13000000,29217.25000000,268.40950000,1654910099999,7846387.06695310,6974,118.76175000,3471934.63462950,0
1654910100000,29217.24000000,29228.48000000,29181.72000000,29223.12000000,227.12295000,1654910999999,6635164.03057390,5382,110.33749000,3223367.43178620,0
1654911000000,29223.12000000,29266.75000000,29180.81000000,29257.49000000,275.56753000,1654911899999,8053813.68921330,6032,146.47643000,4280756.34429150,0
1654911900000,29257.49000000,29257.50000000,29186.41000000,29209.05000000,227.19539000,1654912799999,6637812.30991170,5486,92.82108000,2712025.48379620,0
1654912800000,29209.05000000,29231.40000000,29188.18000000,29210.63000000,260.47780000,1654913699999,7608141.13463350,6738,136.14080000,3976389.87144970,0
1654913700000,29210.62000000,29255.51000000,29185.69000000,29246.95000000,225.25220000,1654914599999,6582063.25371120,5930,109.69520000,3205170.86272430,0
1654914600000,29246.95000000,29253.09000000,29217.87000000,29244.53000000,139.07817000,1654915499999,4065950.84214080,4682,67.30210000,1967447.71447600,0
1654915500000,29244.54000000,29300.17000000,29215.01000000,29269.68000000,296.71259000,1654916399999,8684519.64496720,5639,148.07557000,4333595.75473260,0
1654916400000,29269.68000000,29315.21000000,29249.47000000,29270.25000000,255.78566000,1654917299999,7490543.72446060,5487,106.72413000,3125047.31400970,0
1654917300000,29270.25000000,29272.48000000,29229.87000000,29266.46000000,336.73318000,1654918199999,9848215.87073520,4812,143.52584000,4196932.27079420,0
1654918200000,29266.45000000,29285.00000000,29253.28000000,29256.73000000,191.07042000,1654919099999,5592073.51730810,4336,135.09620000,3953724.05637180,0
1654919100000,29256.73000000,29283.82000000,29253.28000000,29272.43000000,120.58012000,1654919999999,3529660.26357800,3871,68.98621000,2019244.13708360,0
1654920000000,29272.43000000,29319.98000000,29251.17000000,29303.58000000,218.87335000,1654920899999,6410259.11860860,5811,142.46100000,4171906.99021260,0
1654920900000,29303.57000000,29342.75000000,29288.23000000,29322.62000000,207.49692000,1654921799999,6082769.77676770,5111,127.69807000,3743071.79290130,0
1654921800000,29322.62000000,29346.66000000,29320.03000000,29342.82000000,114.13138000,1654922699999,3347354.91167000,3676,65.81373000,1930247.65214540,0
1654922700000,29342.82000000,29386.38000000,29340.34000000,29383.20000000,270.34241000,1654923599999,7939281.90556460,5580,177.78768000,5221015.90324420,0
1654923600000,29383.20000000,29440.41000000,29375.23000000,29375.23000000,424.35061000,1654924499999,12479299.62238850,8761,193.10387000,5678523.73363000,0
1654924500000,29375.24000000,29375.24000000,29306.15000000,29330.68000000,253.05740000,1654925399999,7422723.38695790,6202,123.30965000,3616627.22938960,0
1654925400000,29330.69000000,29343.35000000,29300.82000000,29316.38000000,175.24264000,1654926299999,5139150.08936450,5585,81.24654000,2382606.89053430,0
1654926300000,29316.38000000,29326.25000000,29253.25000000,29283.45000000,377.78763000,1654927199999,11065715.42997960,7379,170.42581000,4991403.43344930,0
1654927200000,29283.45000000,29307.75000000,29265.26000000,29280.19000000,202.49517000,1654928099999,5930813.77906270,5037,77.29160000,2263783.53753680,0
1654928100000,29280.19000000,29303.87000000,29280.18000000,29300.98000000,131.83603000,1654928999999,3861562.76243510,4320,67.46536000,1976078.98539000,0
1654929000000,29300.98000000,29314.78000000,29276.00000000,29309.57000000,232.97918000,1654929899999,6826141.18252290,5522,113.06910000,3312850.26389200,0
1654929900000,29309.57000000,29314.51000000,29285.28000000,29314.50000000,229.55556000,1654930799999,6726975.97132170,6492,90.96832000,2665743.30974390,0
1654930800000,29314.50000000,29341.83000000,29299.98000000,29299.99000000,213.11754000,1654931699999,6248287.62490810,6271,103.66744000,3039471.70165610,0
1654931700000,29299.99000000,29349.41000000,29279.99000000,29318.72000000,399.99804000,1654932599999,11723943.07037690,7149,219.54276000,6433942.57331360,0
1654932600000,29318.73000000,29358.65000000,29318.72000000,29343.53000000,156.48526000,1654933499999,4591135.55524780,4785,81.46146000,2389942.74890690,0
1654933500000,29343.53000000,29349.87000000,29324.02000000,29326.83000000,111.02537000,1654934399999,3256356.31977200,4086,57.18171000,1677080.26915240,0
1654934400000,29326.83000000,29345.11000000,29259.00000000,29267.66000000,281.54300000,1654935299999,8248959.77900280,5282,123.87070000,3628996.43174760,0
1654935300000,29267.65000000,29293.38000000,29256.33000000,29260.96000000,265.78024000,1654936199999,7779348.37274970,5429,154.58696000,4524492.70521900,0
1654936200000,29260.96000000,29277.82000000,29055.76000000,29149.99000000,1290.16895000,1654937099999,37623551.55927400,18994,582.12498000,16974991.42282440,0
1654937100000,29150.00000000,29179.71000000,28990.00000000,28994.03000000,1007.14847000,1654937999999,29312439.54550560,17292,448.03400000,13042287.34707540,0
1654938000000,28994.04000000,29032.08000000,28742.38000000,28973.70000000,4561.44087000,1654938899999,131797078.02939990,47165,2509.97816000,72505930.62807100,0
1654938900000,28973.71000000,29105.35000000,28927.10000000,29061.92000000,646.45288000,1654939799999,18774122.76292880,13533,318.73631000,9254624.57336210,0
1654939800000,29061.92000000,29184.10000000,29061.20000000,29122.23000000,650.44788000,1654940699999,18949638.13537730,14127,282.77008000,8237959.24838470,0
1654940700000,29122.24000000,29168.02000000,29072.13000000,29073.02000000,416.18948000,1654941599999,12120601.67679520,8835,207.39640000,6040167.67627430,0
1654941600000,29073.02000000,29122.39000000,29052.35000000,29067.49000000,375.15784000,1654942499999,10913008.53358460,7254,177.02436000,5149285.75763970,0
1654942500000,29067.48000000,29092.15000000,29045.46000000,29061.00000000,267.61790000,1654943399999,7780068.48433410,7208,145.23024000,4221741.23111410,0
1654943400000,29061.00000000,29061.01000000,28932.00000000,28954.60000000,560.71879000,1654944299999,16257999.26800640,11764,209.23756000,6067259.61795770,0
1654944300000,28954.60000000,28993.69000000,28850.00000000,28922.01000000,720.71357000,1654945199999,20837381.09395860,14434,329.17752000,9515913.87859860,0
1654945200000,28922.01000000,28961.46000000,28842.92000000,28938.06000000,786.93706000,1654946099999,22751275.05703700,14492,439.32163000,12702206.86867820,0
1654946100000,28938.05000000,28938.06000000,28750.00000000,28791.30000000,1024.56637000,1654946999999,29538276.72670690,17491,396.18643000,11422654.44424570,0
1654947000000,28791.30000000,28884.81000000,28590.00000000,28765.90000000,2991.26710000,1654947899999,85833948.57064630,28084,911.09068000,26165877.31761300,0
1654947900000,28765.91000000,28786.07000000,28655.26000000,28734.01000000,721.59848000,1654948799999,20722523.08561400,13748,324.38776000,9315658.37797660,0
1654948800000,28734.01000000,28870.00000000,28732.01000000,28778.52000000,1738.20257000,1654949699999,50062415.30474570,18289,802.95295000,23124407.18666500,0
1654949700000,28778.53000000,28806.75000000,28700.00000000,28786.39000000,558.71451000,1654950599999,16059832.62976830,10570,239.55573000,6885984.05531070,0
1654950600000,28786.39000000,28786.39000000,28667.29000000,28733.14000000,662.84803000,1654951499999,19030039.92796740,12283,300.81510000,8635179.51595070,0
1654951500000,28733.14000000,28733.64000000,28479.60000000,28479.61000000,1657.13397000,1654952399999,47378496.37057180,24967,629.71309000,18013878.54577250,0
1654952400000,28479.60000000,28600.22000000,28348.78000000,28561.50000000,2400.39642000,1654953299999,68309769.35974210,33467,1044.33603000,29723665.69259640,0
1654953300000,28561.50000000,28716.42000000,28518.52000000,28675.82000000,1146.71935000,1654954199999,32841046.15116950,18306,589.23300000,16874079.93719760,0
1654954200000,28675.82000000,28869.63000000,28661.25000000,28715.34000000,1745.54548000,1654955099999,50237212.09209320,22891,820.97851000,23621397.10154810,0
1654955100000,28715.35000000,28813.74000000,28703.82000000,28780.11000000,742.46279000,1654955999999,21358907.02084200,12457,368.12575000,10589164.61082020,0
1654956000000,28780.11000000,28781.98000000,28667.45000000,28709.57000000,530.96748000,1654956899999,15249829.43965030,10473,252.64345000,7255533.57702840,0
1654956900000,28709.58000000,28709.58000000,28569.00000000,28622.76000000,963.79778000,1654957799999,27593376.69319600,15109,440.11578000,12599477.05523470,0
1654957800000,28622.76000000,28660.01000000,28495.00000000,28519.90000000,784.39575000,1654958699999,22413721.44901650,13890,354.89164000,10142726.04852050,0
1654958700000,28519.89000000,28632.94000000,28386.70000000,28429.65000000,1466.60098000,1654959599999,41780644.56915510,22926,703.06105000,20030650.18302770,0
1654959600000,28429.65000000,28605.15000000,28337.58000000,28540.25000000,1291.73623000,1654960499999,36784165.04681450,20993,666.73200000,18982538.80879320,0
1654960500000,28540.25000000,28563.87000000,28258.54000000,28512.89000000,1990.89540000,1654961399999,56600357.13333740,29854,1034.89788000,29430416.52765670,0
1654961400000,28512.89000000,28537.94000000,28251.00000000,28309.54000000,1429.00871000,1654962299999,40529726.97062720,24496,690.66913000,19587418.94039570,0
1654962300000,28309.53000000,28451.37000000,28269.21000000,28405.54000000,1550.38034000,1654963199999,43937742.48462790,20857,780.76397000,22125550.74361720,0
1654963200000,28405.55000000,28505.61000000,28343.38000000,28393.88000000,1071.45956000,1654964099999,30457532.21080270,16846,574.02803000,16315370.23833350,0
1654964100000,28393.87000000,28416.27000000,28099.99000000,28314.40000000,3396.65494000,1654964999999,95850870.49675240,33569,1886.44592000,53233793.85133890,0
1654965000000,28314.41000000,28407.53000000,28211.39000000,28391.70000000,917.12109000,1654965899999,25970412.72122630,13895,436.09527000,12349237.94192810,0
1654965900000,28391.70000000,28505.41000000,28391.09000000,28470.80000000,1084.24951000,1654966799999,30847281.14790340,16320,613.41295000,17452258.49037220,0
1654966800000,28470.79000000,28582.06000000,28390.38000000,28487.90000000,862.02219000,1654967699999,24561357.38120510,13505,471.31043000,13429407.74080460,0
1654967700000,28487.90000000,28535.73000000,28431.10000000,28505.19000000,511.51169000,1654968599999,14574277.36711990,9476,265.55974000,7566272.84727540,0
1654968600000,28505.20000000,28582.00000000,28421.42000000,28499.25000000,662.87811000,1654969499999,18904024.69642470,11407,336.23151000,9588620.77928070,0
1654969500000,28499.25000000,28553.20000000,28467.63000000,28499.25000000,456.46958000,1654970399999,13010813.37515550,7920,236.44710000,6738350.33525860,0
1654970400000,28499.24000000,28550.00000000,28454.69000000,28498.62000000,479.02241000,1654971299999,13654399.52711460,8358,223.28804000,6365192.62130900,0
1654971300000,28498.62000000,28573.59000000,28455.26000000,28525.79000000,533.94509000,1654972199999,15220924.74041530,8937,328.84603000,9373365.86582400,0
1654972200000,28525.78000000,28794.46000000,28516.51000000,28598.53000000,1222.51647000,1654973099999,35030690.20237150,18243,697.44408000,19980967.61056810,0
1654973100000,28598.53000000,28684.80000000,28571.10000000,28611.35000000,431.07931000,1654973999999,12339587.82263680,9767,235.14744000,6730317.50302030,0
1654974000000,28611.34000000,28746.96000000,28599.86000000,28736.97000000,424.34234000,1654974899999,12171894.44009680,9452,227.13746000,6515352.64167360,0
1654974900000,28736.98000000,28759.29000000,28661.94000000,28670.52000000,322.70035000,1654975799999,9263758.46181480,8196,141.09352000,4050628.52964000,0
1654975800000,28670.53000000,28712.74000000,28643.97000000,28646.75000000,278.80945000,1654976699999,7993792.61087630,7389,134.75890000,3863922.62891910,0
1654976700000,28646.74000000,28659.53000000,28592.66000000,28595.28000000,216.85232000,1654977599999,6207758.77871270,6526,97.58433000,2793318.17132480,0
1654977600000,28595.27000000,28615.39000000,28532.75000000,28559.97000000,529.79395000,1654978499999,15141408.96534980,8657,319.58287000,9134408.05628280,0
1654978500000,28559.97000000,28623.63000000,28517.40000000,28527.42000000,278.69802000,1654979399999,7959841.78685330,8278,140.31747000,4007464.25775870,0
1654979400000,28527.42000000,28531.24000000,28451.00000000,28495.08000000,651.39480000,1654980299999,18560420.36142210,9227,301.29978000,8585014.32024510,0
1654980300000,28495.09000000,28523.38000000,28378.37000000,28408.17000000,394.38716000,1654981199999,11220976.57697970,8888,210.71385000,5995193.04636780,0
1654981200000,28408.18000000,28532.97000000,28389.91000000,28526.66000000,307.34460000,1654982099999,8747315.83375660,8373,170.83713000,4861731.32832970,0
1654982100000,28526.67000000,28596.51000000,28520.40000000,28565.35000000,291.38375000,1654982999999,8320696.50978900,7550,140.05200000,3999374.64835790,0
1654983000000,28565.35000000,28620.27000000,28512.36000000,28599.23000000,173.32781000,1654983899999,4951196.48628670,6464,73.74099000,2106969.34708740,0
1654983900000,28599.24000000,28599.53000000,28546.10000000,28561.05000000,274.12743000,1654984799999,7833366.75240270,6414,116.95907000,3341988.41661370,0
1654984800000,28561.04000000,28614.29000000,28538.14000000,28585.68000000,274.64820000,1654985699999,7849011.89893350,6391,130.76707000,3736780.07382810,0
1654985700000,28585.69000000,28608.07000000,28561.07000000,28595.29000000,381.19762000,1654986599999,10896616.57539580,7340,173.61222000,4962931.07433200,0
1654986600000,28595.29000000,28683.54000000,28592.95000000,28637.90000000,836.37055000,1654987499999,23963715.10168690,10475,465.03749000,13322622.33609820,0
1654987500000,28637.89000000,28670.10000000,28635.75000000,28635.76000000,189.43565000,1654988399999,5427886.16156140,5502,82.99421000,2377924.56583300,0
1654988400000,28635.75000000,28645.00000000,28456.94000000,28467.04000000,679.40175000,1654989299999,19391942.29281310,9975,200.46062000,5722118.26755220,0
1654989300000,28467.05000000,28513.09000000,28440.67000000,28481.29000000,393.83802000,1654990199999,11216692.48897440,7196,172.47484000,4911986.66770800,0
1654990200000,28481.30000000,28482.58000000,28250.04000000,28340.17000000,1526.50592000,1654991099999,43273243.31874110,18595,556.51222000,15768452.52423960,0
1654991100000,28340.17000000,28424.71000000,28300.00000000,28424.70000000,565.33898000,1654991999999,16041720.13646050,10279,277.19925000,7864934.72729480,0
1654992000000,28424.71000000,28527.88000000,28376.11000000,28515.80000000,598.39855000,1654992899999,17025779.86975340,11186,331.51407000,9431564.97976020,0
1654992900000,28515.81000000,28520.50000000,28447.49000000,28475.37000000,395.26511000,1654993799999,11259848.06822980,7631,177.60857000,5059035.07687840,0
1654993800000,28475.37000000,28527.63000000,28430.66000000,28518.02000000,281.28970000,1654994699999,8015514.50879340,6819,138.83181000,3955441.56747130,0
1654994700000,28518.03000000,28544.96000000,28454.98000000,28506.53000000,262.94649000,1654995599999,7494806.22614460,6436,144.43784000,4116859.68570090,0
1654995600000,28506.53000000,28516.94000000,28324.60000000,28390.95000000,433.71971000,1654996499999,12320619.42659590,9915,205.68154000,5841657.43553330,0
1654996500000,28390.94000000,28397.00000000,28271.35000000,28325.17000000,622.00347000,1654997399999,17615184.64745550,10600,287.68757000,8145894.90888730,0
1654997400000,28325.17000000,28414.18000000,28272.48000000,28339.84000000,554.94364000,1654998299999,15729612.11319730,10151,293.01414000,8304601.28948090,0
1654998300000,28339.83000000,28367.43000000,28171.00000000,28244.71000000,712.90819000,1654999199999,20143459.79672170,12959,299.33530000,8461479.72652340,0
1654999200000,28244.70000000,28346.72000000,28201.90000000,28339.61000000,550.78326000,1655000099999,15579314.04453790,10387,293.60310000,8304750.87000150,0
1655000100000,28339.62000000,28342.22000000,27805.77000000,27896.30000000,3723.98418000,1655000999999,104295591.75118050,47891,1339.37048000,37504353.25560330,0
1655001000000,27896.29000000,27953.45000000,27391.01000000,27515.34000000,6398.42270000,1655001899999,177345028.48267780,73197,2407.39318000,66726598.91229590,0
1655001900000,27509.53000000,27639.73000000,27307.32000000,27427.48000000,2552.76229000,1655002799999,70207257.51432260,32992,1352.61462000,37205577.64478800,0
1655002800000,27427.48000000,27551.99000000,27249.00000000,27538.28000000,1816.13251000,1655003699999,49773472.84057350,29765,876.43842000,24023410.03828640,0
1655003700000,27538.27000000,27592.95000000,27456.97000000,27537.01000000,805.62727000,1655004599999,22184415.88742510,16899,369.22842000,10167270.48193080,0
1655004600000,27537.02000000,27764.64000000,27527.39000000,27650.84000000,1043.01261000,1655005499999,28829913.98828750,18786,522.89755000,14450510.74146290,0
1655005500000,27650.83000000,27650.84000000,27551.04000000,27553.23000000,549.92856000,1655006399999,15173531.07891060,11220,253.74023000,7000108.41265810,0
1655006400000,27553.22000000,27656.05000000,27470.70000000,27497.30000000,693.51556000,1655007299999,19119711.79638580,13442,337.48354000,9305852.82857460,0
1655007300000,27497.31000000,27560.00000000,27493.32000000,27523.74000000,515.38049000,1655008199999,14190027.86599120,9897,278.35019000,7663509.65686560,0
1655008200000,27523.74000000,27585.79000000,27493.40000000,27511.97000000,413.73764000,1655009099999,11390384.25245100,8945,221.07766000,6086014.38435750,0
1655009100000,27511.98000000,27539.47000000,27428.48000000,27436.64000000,560.47537000,1655009999999,15403371.24089140,12243,255.60078000,7024425.46839530,0
1655010000000,27436.63000000,27473.14000000,27329.59000000,27399.68000000,1085.00383000,1655010899999,29725233.26518660,17906,515.54720000,14122123.17504860,0
1655010900000,27399.67000000,27438.70000000,27228.89000000,27282.83000000,1159.42164000,1655011799999,31690893.57191560,17152,524.20610000,14329302.04680080,0
1655011800000,27282.83000000,27386.46000000,27190.00000000,27360.69000000,1431.96861000,1655012699999,39073937.35481270,20893,697.22283000,19025630.31634790,0
1655012700000,27360.68000000,27442.00000000,27240.41000000,27270.79000000,985.98580000,1655013599999,26986682.90773740,13631,511.66635000,14003359.50141370,0
1655013600000,27270.79000000,27440.22000000,27245.70000000,27415.74000000,711.09440000,1655014499999,19451174.77144080,11008,367.18781000,10042215.16363720,0
1655014500000,27415.74000000,27497.78000000,27380.03000000,27479.00000000,882.05712000,1655015399999,24204366.85059570,13604,422.00763000,11579651.28264010,0
1655015400000,27479.00000000,27553.12000000,27451.69000000,27504.60000000,1038.66081000,1655016299999,28564488.43163940,14487,531.14972000,14607647.27942580,0
1655016300000,27504.60000000,27548.45000000,27478.84000000,27485.79000000,421.78254000,1655017199999,11604916.11011770,8400,198.30402000,5456212.39271790,0
1655017200000,27485.80000000,27514.54000000,27440.09000000,27467.23000000,421.82445000,1655018099999,11590774.61598270,8496,200.84746000,5518560.95048740,0
1655018100000,27467.22000000,27470.00000000,27410.67000000,27412.56000000,332.56747000,1655018999999,9125374.43353890,8324,149.10695000,4091111.39552970,0
1655019000000,27412.56000000,27495.52000000,27395.60000000,27465.96000000,448.59398000,1655019899999,12313392.17962960,9410,266.85047000,7324810.82253130,0
1655019900000,27465.96000000,27677.18000000,27433.09000000,27645.89000000,743.32197000,1655020799999,20478586.65531610,13051,391.13547000,10777456.84302020,0
1655020800000,27645.88000000,27648.79000000,27532.80000000,27532.80000000,439.65372000,1655021699999,12128172.34669600,8543,205.80611000,5676888.06854860,0
1655021700000,27532.81000000,27668.87000000,27532.80000000,27639.24000000,556.37055000,1655022599999,15358119.30502720,9693,299.30892000,8261372.70701050,0
1655022600000,27639.24000000,27726.15000000,27597.93000000,27608.66000000,895.62881000,1655023499999,24768897.13320560,15433,430.52591000,11905866.56600940,0
1655023500000,27608.67000000,27622.67000000,27545.20000000,27568.21000000,458.68117000,1655024399999,12647592.90799120,8243,224.84178000,6199079.55871550,0
1655024400000,27568.21000000,27611.13000000,27536.26000000,27537.87000000,451.96288000,1655025299999,12461536.43545270,8771,221.83410000,6116396.50139520,0
1655025300000,27537.87000000,27608.62000000,27475.73000000,27561.42000000,511.05796000,1655026199999,14081075.62305490,9731,264.63115000,7290506.00360190,0
1655026200000,27561.43000000,27566.34000000,27483.10000000,27515.07000000,439.08695000,1655027099999,12085588.80022580,8735,220.54374000,6070255.15024020,0
1655027100000,27515.06000000,27527.54000000,27455.17000000,27469.84000000,409.08482000,1655027999999,11246082.08916670,10036,207.80359000,5712401.29136310,0
1655028000000,27469.97000000,27496.83000000,27360.16000000,27434.22000000,836.31784000,1655028899999,22938986.30340250,13962,375.64304000,10303014.91163610,0
1655028900000,27434.21000000,27564.90000000,27415.91000000,27523.97000000,783.04147000,1655029799999,21531633.85297640,12071,449.77972000,12367795.12626220,0
1655029800000,27523.98000000,27580.00000000,27484.44000000,27488.10000000,399.24674000,1655030699999,10993399.51661430,7970,207.82505000,5722735.69216030,0
1655030700000,27488.10000000,27501.75000000,27423.99000000,27444.46000000,417.84942000,1655031599999,11472577.59540520,9688,178.11251000,4890077.84690810,0
1655031600000,27444.46000000,27472.52000000,27402.32000000,27447.39000000,511.11152000,1655032499999,14020806.17066520,9136,255.44616000,7007147.78053080,0
1655032500000,27447.38000000,27453.64000000,27342.82000000,27385.11000000,532.04010000,1655033399999,14576874.40532430,9759,259.46638000,7108520.67762010,0
1655033400000,27385.10000000,27492.56000000,27365.49000000,27449.74000000,573.94779000,1655034299999,15745485.94751290,9565,335.23623000,9195843.91183040,0
1655034300000,27449.74000000,27526.59000000,27442.65000000,27457.39000000,477.66233000,1655035199999,13125446.44385450,8913,271.91065000,7471421.90086170,0
1655035200000,27457.39000000,27524.49000000,27448.43000000,27506.22000000,311.74341000,1655036099999,8570701.26469590,7334,156.94159000,4314817.03969720,0
1655036100000,27506.21000000,27565.47000000,27478.71000000,27519.14000000,317.07598000,1655036999999,8724057.24696700,7737,165.96135000,4566030.13646060,0
1655037000000,27519.14000000,27583.10000000,27424.74000000,27444.43000000,429.15987000,1655037899999,11808106.12976850,8476,243.95615000,6713692.19723440,0
1655037900000,27444.44000000,27485.86000000,27434.15000000,27436.71000000,273.21443000,1655038799999,7501362.96333820,6709,129.77226000,3562804.19681250,0
1655038800000,27436.72000000,27475.06000000,27385.65000000,27442.78000000,599.89741000,1655039699999,16453356.35379690,10254,260.18668000,7136125.65344470,0
1655039700000,27442.78000000,27456.64000000,27283.89000000,27347.87000000,623.56133000,1655040599999,17081220.31963210,12269,253.34803000,6939202.62540120,0
1655040600000,27347.88000000,27388.61000000,27325.10000000,27351.62000000,443.26883000,1655041499999,12123471.81649880,9445,197.61945000,5404335.53569800,0
1655041500000,27351.63000000,27351.63000000,27234.55000000,27313.36000000,1020.73006000,1655042399999,27859767.14157400,14957,492.61051000,13442369.78090950,0
1655042400000,27313.35000000,27359.60000000,27235.48000000,27239.35000000,558.26256000,1655043299999,15242850.91542800,10495,257.19105000,7022228.30937720,0
1655043300000,27239.34000000,27596.12000000,26890.00000000,27462.01000000,4691.70420000,1655044199999,127457961.60141080,62771,2063.71247000,56129870.12738710,0
1655044200000,27462.01000000,27715.78000000,27462.00000000,27525.46000000,2477.95262000,1655045099999,68437229.49070810,35254,1195.69485000,33022045.31590550,0
1655045100000,27525.45000000,27965.76000000,27491.52000000,27815.00000000,2573.81781000,1655045999999,71576639.31786590,39733,1293.90124000,35970659.67125960,0
1655046000000,27814.99000000,27949.99000000,27776.99000000,27880.64000000,1218.37853000,1655046899999,33961015.97119150,24107,604.20804000,16838145.76455080,0
1655046900000,27880.64000000,28266.61000000,27880.00000000,28142.81000000,3755.72179000,1655047799999,105588743.30501570,45879,1639.36945000,46074016.54446380,0
1655047800000,28142.80000000,28347.89000000,28086.00000000,28152.99000000,2321.37374000,1655048699999,65442077.34034640,37103,1099.67443000,30998097.18828270,0
1655048700000,28153.00000000,28173.45000000,27972.63000000,28094.42000000,1016.20420000,1655049599999,28518195.43291000,16295,530.24923000,14878300.09143230,0
1655049600000,28094.42000000,28145.92000000,28025.26000000,28145.56000000,730.99978000,1655050499999,20532057.38104160,13327,387.93906000,10896382.30224960,0
1655050500000,28145.56000000,28177.64000000,27992.41000000,27997.60000000,708.66137000,1655051399999,19912360.36178900,12282,313.63019000,8811828.36101520,0
1655051400000,27997.60000000,28041.44000000,27870.24000000,27966.58000000,867.45061000,1655052299999,24255949.95811190,14368,396.99687000,11100266.81934480,0
1655052300000,27966.59000000,27988.03000000,27812.00000000,27932.60000000,784.80776000,1655053199999,21892786.71247070,12703,410.60491000,11452034.36798290,0
1655053200000,27932.60000000,28096.00000000,27921.78000000,28038.43000000,962.25309000,1655054099999,26954915.80380790,14102,529.22846000,14823894.87735230,0
1655054100000,28038.44000000,28133.67000000,28038.43000000,28118.55000000,687.68471000,1655054999999,19319027.34831180,10828,406.80543000,11428134.56971060,0
1655055000000,28118.55000000,28185.42000000,28082.92000000,28142.88000000,533.37543000,1655055899999,15004934.85509920,11279,282.61079000,7951021.19024030,0
1655055900000,28142.87000000,28238.58000000,28101.00000000,28124.01000000,634.97455000,1655056799999,17886242.84336490,12646,318.56693000,8973089.65757480,0
1655056800000,28124.01000000,28141.34000000,27969.96000000,28012.21000000,636.00987000,1655057699999,17831533.56048420,12160,287.86927000,8069151.25809390,0
1655057700000,28012.20000000,28040.07000000,27951.35000000,27981.44000000,517.92447000,1655058599999,14499701.95037470,9032,227.05968000,6356811.69804070,0
1655058600000,27981.44000000,27995.43000000,27911.76000000,27914.27000000,370.77273000,1655059499999,10368680.40484270,8016,197.30351000,5517167.07652720,0
1655059500000,27914.27000000,27994.90000000,27876.95000000,27908.06000000,560.13309000,1655060399999,15647718.56229850,10104,268.12875000,7489982.95870930,0
1655060400000,27908.07000000,27939.18000000,27827.75000000,27842.25000000,440.87809000,1655061299999,12288098.36530710,11422,211.32207000,5889403.21001370,0
1655061300000,27842.25000000,27842.25000000,27525.00000000,27533.67000000,1808.31165000,1655062199999,49985733.31768290,25863,779.71031000,21548489.60983390,0
1655062200000,27533.67000000,27650.00000000,27490.70000000,27546.12000000,745.91536000,1655063099999,20551945.55740110,12803,384.69047000,10599103.13224610,0
1655063100000,27546.12000000,27572.05000000,27423.73000000,27424.71000000,649.33643000,1655063999999,17850842.35003080,11236,302.43670000,8313253.59456100,0
1655064000000,27424.71000000,27532.64000000,27380.59000000,27471.89000000,746.51812000,1655064899999,20496420.42947990,12585,387.11946000,10627897.06878390,0
1655064900000,27471.88000000,27557.05000000,27427.17000000,27451.93000000,502.43945000,1655065799999,13812091.14633950,9182,233.05986000,6406767.20498440,0
1655065800000,27451.94000000,27461.45000000,27359.19000000,27421.30000000,561.30375000,1655066699999,15392930.86519860,9481,252.49831000,6924187.32882970,0
1655066700000,27421.30000000,27439.65000000,27362.41000000,27377.00000000,364.96746000,1655067599999,10000581.68062740,7584,185.47203000,5082018.38770140,0
1655067600000,27376.99000000,27495.81000000,27333.33000000,27495.80000000,486.44687000,1655068499999,13334249.61250250,9333,256.42503000,7029682.30921070,0
1655068500000,27495.80000000,27532.07000000,27451.87000000,27479.23000000,416.01901000,1655069399999,11435283.40920730,8010,232.33807000,6386848.12952340,0
1655069400000,27479.23000000,27491.49000000,27390.54000000,27471.41000000,176.18718000,1655070299999,4833988.18942560,6587,82.16496000,2254414.14831720,0
1655070300000,27471.41000000,27476.92000000,27357.15000000,27369.34000000,221.53331000,1655071199999,6072263.46538420,6834,99.47865000,2726950.65995230,0
1655071200000,27369.35000000,27454.38000000,27104.93000000,27367.87000000,2017.16247000,1655072099999,55020433.30307930,24817,981.68870000,26778493.24613820,0
1655072100000,27367.87000000,27435.15000000,27185.67000000,27229.97000000,1195.75988000,1655072999999,32644346.98251570,12589,483.01310000,13186245.22360740,0
1655073000000,27229.96000000,27242.34000000,26961.15000000,27087.01000000,1687.53436000,1655073899999,45733287.61934470,19419,722.12150000,19573292.86762280,0
1655073900000,27087.01000000,27190.41000000,26925.27000000,26995.44000000,1695.01510000,1655074799999,45872000.28781380,18050,776.37776000,21015857.86743150,0
1655074800000,26995.44000000,27190.00000000,26958.87000000,27153.72000000,808.62477000,1655075699999,21885096.60056610,12400,461.88949000,12501124.69239550,0
1655075700000,27153.71000000,27170.93000000,26970.66000000,27099.99000000,552.74663000,1655076599999,14952126.14561380,9046,254.61800000,6887398.53587160,0
1655076600000,27099.99000000,27124.30000000,26629.58000000,26846.95000000,2505.57421000,1655077499999,67271995.03313228,32064,1009.48802000,27108417.92942760,0
1655077500000,26846.96000000,26913.69000000,26560.00000000,26574.53000000,2424.94648900,1655078399999,64791814.19077266,24329,1261.87723000,33710478.19868430,0
1655078400000,26574.53000000,26770.28000000,26422.00000000,26623.06000000,4404.93693900,1655079299999,117116939.84773853,43067,2096.28179300,55752726.57053920,0
1655079300000,26623.07000000,26868.78000000,26482.07000000,26808.75000000,1959.07585000,1655080199999,52335160.09359770,24929,1011.93274000,27038396.07323290,0
1655080200000,26808.75000000,26895.84000000,26587.10000000,26590.00000000,1431.03970000,1655081099999,38241962.70526860,18259,664.33508000,17757006.78589220,0
1655081100000,26590.00000000,26663.26000000,26285.56000000,26307.16000000,4097.20322000,1655081999999,108320640.50349495,44916,1813.81509300,47956300.81606450,0
1655082000000,26307.16000000,26470.53000000,26071.71000000,26073.75000000,3979.65585100,1655082899999,104471143.37568530,42527,1941.40907400,50946585.39426850,0
1655082900000,26073.76000000,26244.23000000,25930.08000000,26023.30000000,4139.72562000,1655083799999,107875452.12305590,49315,1868.56971600,48702186.13468800,0
1655083800000,26023.30000000,26181.64000000,25945.48000000,26042.95000000,2260.62585000,1655084699999,58925266.83317050,24955,1161.96714000,30285869.66195750,0
1655084700000,26042.96000000,26043.80000000,25602.17000000,25771.59000000,3639.01608500,1655085599999,93905689.03105083,42070,1582.18727000,40822396.12959480,0
1655085600000,25771.60000000,25862.98000000,25595.55000000,25648.64000000,2446.25559600,1655086499999,62947425.56342500,28762,1191.95615000,30676159.18258170,0
1655086500000,25648.63000000,25806.78000000,25489.49000000,25784.82000000,3350.07819100,1655087399999,85747938.17205038,36342,1531.09603000,39198574.08418060,0
1655087400000,25784.81000000,25824.46000000,25650.00000000,25729.17000000,1924.07250000,1655088299999,49505447.65011250,22567,995.18487000,25602788.21541070,0
1655088300000,25729.18000000,25733.59000000,25334.66000000,25341.40000000,3143.45427400,1655089199999,80119223.00846180,32381,1424.35451800,36295224.51261220,0
1655089200000,25341.39000000,25476.84000000,25000.00000000,25216.31000000,7060.03528500,1655090099999,177758904.33516031,74996,3195.95052200,80493503.78103520,0
1655090100000,25216.31000000,25367.11000000,24900.00000000,25276.17000000,4943.64235200,1655090999999,124213420.45638048,54827,2330.09487800,58579517.61239800,0
1655091000000,25276.17000000,25672.59000000,25252.28000000,25484.73000000,2798.05959000,1655091899999,71257850.60844660,34824,1373.37541000,34973385.40363250,0
1655091900000,25484.73000000,25650.00000000,25471.33000000,25520.05000000,1875.35158000,1655092799999,47918451.44933680,27668,965.15374000,24659141.24328180,0
1655092800000,25520.05000000,26008.82000000,25394.51000000,25829.67000000,2984.33312000,1655093699999,76749926.17010390,37364,1469.66840000,37775586.81845130,0
1655093700000,25829.67000000,26257.31000000,25751.13000000,26095.04000000,2891.44724000,1655094599999,75302762.58909270,37788,1510.84553000,39338935.87926950,0
1655094600000,26095.05000000,26155.10000000,25695.24000000,25804.87000000,1949.68193000,1655095499999,50493384.76494750,26718,898.09723000,23255704.28313290,0
1655095500000,25804.88000000,25811.23000000,25371.82000000,25389.99000000,2329.22425000,1655096399999,59638453.97871080,28927,1090.88472000,27928554.65863700,0
1655096400000,25388.71000000,25739.02000000,25358.64000000,25719.94000000,1677.40631000,1655097299999,42879340.02086550,23299,950.28150000,24286632.06700980,0
1655097300000,25719.94000000,25849.99000000,25626.65000000,25657.82000000,1648.42568000,1655098199999,42430485.86816850,21118,808.26693000,20808795.83746050,0
1655098200000,25657.83000000,25690.68000000,25454.82000000,25473.38000000,1212.24295000,1655099099999,31003485.68106050,19062,588.85911000,15059828.53794210,0
1655099100000,25473.38000000,25541.93000000,25190.27000000,25234.44000000,2394.18087000,1655099999999,60582717.91579660,30940,1094.65409000,27694198.53968820,0
1655100000000,25234.44000000,25489.73000000,25057.33000000,25423.00000000,3031.74512000,1655100899999,76543397.82948730,35489,1492.84309000,37689568.41610310,0
1655100900000,25423.01000000,25607.00000000,25228.25000000,25333.22000000,2057.11207000,1655101799999,52241353.14074720,27366,1013.15155000,25731512.93741510,0
1655101800000,25333.22000000,25542.75000000,25185.37000000,25197.46000000,1467.56580000,1655102699999,37250484.51627590,21501,714.52089000,18139218.87732260,0
1655102700000,25197.45000000,25373.04000000,25159.68000000,25358.14000000,1811.35935000,1655103599999,45751904.93197460,23141,892.01050000,22530130.77010030,0
1655103600000,25358.15000000,25472.58000000,25284.15000000,25364.31000000,1617.64362000,1655104499999,41052419.88727750,20955,768.30796000,19498737.66049890,0
1655104500000,25364.31000000,25461.52000000,25161.00000000,25170.61000000,1832.33386000,1655105399999,46351058.56477210,22021,867.00306000,21926992.62871820,0
1655105400000,25170.60000000,25218.28000000,24752.09000000,24906.02000000,4742.85688200,1655106299999,118477532.71249866,51721,2253.03516400,56287760.17362690,0
1655106300000,24906.03000000,25110.31000000,24555.00000000,24811.59000000,4681.05664100,1655107199999,116119713.05326266,50884,2200.66527000,54612622.90195830,0
1655107200000,24811.59000000,24941.17000000,24576.45000000,24825.14000000,3495.59352000,1655108099999,86549591.37834520,41386,1716.92469000,42516745.61968590,0
1655108100000,24825.13000000,24864.24000000,24550.00000000,24742.22000000,2651.71540700,1655108999999,65487231.00207000,35877,1268.22482000,31319176.32174330,0
1655109000000,24742.22000000,24932.18000000,24420.00000000,24575.00000000,4812.08494900,1655109899999,118641625.07797997,56611,2312.98121400,57049367.23353868,0
1655109900000,24575.01000000,24586.04000000,24152.88000000,24182.60000000,4314.85430800,1655110799999,105136093.88804362,55203,2040.29865000,49734457.94380570,0
1655110800000,24182.60000000,24512.99000000,24021.53000000,24512.99000000,5556.25753900,1655111699999,134531560.90398585,67666,2611.58399000,63211151.39693820,0
1655111700000,24512.99000000,24651.17000000,24211.07000000,24301.38000000,3576.46581000,1655112599999,87324251.47921280,55912,1737.01710000,42417782.57708130,0
1655112600000,24301.39000000,24311.32000000,23811.00000000,23925.86000000,5804.03737400,1655113499999,139462344.45741948,68711,2412.86510000,58006780.88775030,0
1655113500000,23925.87000000,24202.89000000,23788.00000000,24052.83000000,3902.36468500,1655114399999,93475091.31264610,49787,1904.35426000,45618461.52857060,0
1655114400000,24052.82000000,24274.04000000,23941.33000000,24000.00000000,3494.79844000,1655115299999,84204526.90463850,43996,1684.66521000,40592090.96085170,0
1655115300000,24000.00000000,24256.26000000,23841.57000000,24209.01000000,2896.75184000,1655116199999,69569655.21901780,35567,1414.65552000,33996115.33369190,0
1655116200000,24209.01000000,24324.19000000,24083.37000000,24186.93000000,1955.00591000,1655117099999,47344789.96792880,28691,980.06913000,23734981.51281520,0
1655117100000,24186.93000000,24186.94000000,23901.00000000,23990.63000000,2075.37903000,1655117999999,49837424.81679030,30587,1015.75058000,24391113.03747010,0
1655118000000,23990.63000000,24104.70000000,23800.00000000,23865.35000000,2039.74616000,1655118899999,48816029.02367080,29564,1031.65452000,24695727.89771550,0
1655118900000,23865.36000000,23886.54000000,23570.02000000,23617.62000000,3740.52560300,1655119799999,88681696.82198429,44768,1568.88813000,37185083.47840180,0
1655119800000,23617.61000000,23791.00000000,23552.55000000,23694.35000000,2087.37397000,1655120699999,49467846.39418297,28808,1142.93169000,27091985.97270380,0
1655120700000,23694.36000000,23756.47000000,23500.00000000,23729.43000000,2438.15561200,1655121599999,57555213.12094178,32061,1159.35018400,27373968.54692388,0
1655121600000,23729.43000000,24376.09000000,23657.01000000,24353.31000000,3404.36958000,1655122499999,81488335.17417550,46685,1942.29125000,46493381.24956090,0
1655122500000,24353.30000000,24370.75000000,23990.14000000,24165.34000000,2158.68195000,1655123399999,52153057.36292480,32674,1112.25597000,26875052.92904420,0
1655123400000,24165.34000000,24272.53000000,24014.96000000,24028.67000000,1656.57561000,1655124299999,39979411.30094360,23123,854.29775000,20617217.01567480,0
1655124300000,24028.67000000,24128.35000000,23633.66000000,23683.31000000,1922.75340000,1655125199999,45913482.13206870,27391,857.75278000,20486524.04147050,0
1655125200000,23683.30000000,23781.13000000,23600.00000000,23621.44000000,2692.62880000,1655126099999,63724709.58061980,36130,1117.52049000,26452241.04701330,0
1655126100000,23621.45000000,23674.45000000,23360.51000000,23408.57000000,4460.69513500,1655126999999,104734369.35439460,47732,1609.02442000,37781930.31875690,0
1655127000000,23408.58000000,23979.67000000,23338.73000000,23620.14000000,5803.28761000,1655127899999,137121839.15029068,65991,2990.63250000,70702421.92611480,0
1655127900000,23620.14000000,23787.81000000,23578.90000000,23651.94000000,2845.26523000,1655128799999,67405920.13987740,32263,1554.51738000,36828958.37479200,0
1655128800000,23651.94000000,23740.00000000,23348.16000000,23418.37000000,3052.25062000,1655129699999,71749464.81512830,38084,1415.66047000,33282758.06302090,0
1655129700000,23418.38000000,23474.94000000,23250.00000000,23427.20000000,3077.63989000,1655130599999,71832177.52570990,41965,1403.30733000,32762963.69991920,0
1655130600000,23427.21000000,23480.00000000,23015.10000000,23054.63000000,4345.57170700,1655131499999,100920456.24924770,56190,1810.76170000,42040095.16154350,0
1655131500000,23051.07000000,23186.41000000,22600.00000000,22804.62000000,8659.25403300,1655132399999,197982511.78154938,86293,3461.98046700,79126944.26903827,0
1655132400000,22804.62000000,22938.98000000,22618.63000000,22842.89000000,3752.45464000,1655133299999,85426862.42282110,54975,1895.62426000,43154108.40238940,0
1655133300000,22842.89000000,23320.00000000,22827.04000000,22943.47000000,4432.65247000,1655134199999,102291580.54779230,63454,2061.67773000,47604192.13500420,0
1655134200000,22943.47000000,23474.43000000,22925.17000000,23467.98000000,3133.61720000,1655135099999,72706368.59319070,44487,1847.20483000,42860738.81271640,0
1655135100000,23467.98000000,23507.48000000,23140.24000000,23271.54000000,2004.13755000,1655135999999,46658646.87791410,32233,995.51615000,23181682.90225640,0
1655136000000,23271.53000000,24138.58000000,23123.97000000,23845.56000000,4193.87041000,1655136899999,99081569.38458550,49841,2305.80292000,54494370.64672040,0
1655136900000,23845.38000000,24054.16000000,23661.21000000,23901.73000000,2923.38719000,1655137799999,69728810.77517040,38978,1354.91980000,32325680.53317820,0
1655137800000,23901.73000000,24204.55000000,23642.85000000,23642.86000000,2574.28324000,1655138699999,61683635.33312050,37261,1280.95374000,30699529.14079340,0
1655138700000,23642.85000000,23950.00000000,23642.79000000,23733.48000000,2169.05310000,1655139599999,51568447.66744060,26702,1060.27452000,25209443.53960560,0
1655139600000,23732.85000000,23761.40000000,23433.14000000,23495.21000000,1768.55269000,1655140499999,41649921.75898290,27312,1008.98491000,23751297.51250510,0
1655140500000,23495.21000000,23523.94000000,23241.28000000,23278.33000000,1136.20311000,1655141399999,26585890.69421210,21945,571.64579000,13379294.56047280,0
1655141400000,23278.32000000,23572.70000000,23106.20000000,23555.19000000,1747.60538000,1655142299999,40703362.23015860,27607,941.53597000,21946162.55916980,0
1655142300000,23555.19000000,23599.00000000,23408.20000000,23538.33000000,1126.36732000,1655143199999,26464666.37572420,22585,541.48644000,12722393.28318310,0
1655143200000,23538.32000000,23698.48000000,23435.63000000,23690.95000000,974.67285000,1655144099999,22977933.84252460,18001,509.13167000,12004318.53637010,0
1655144100000,23690.95000000,23810.87000000,23569.63000000,23640.01000000,1051.76975000,1655144999999,24940238.83372880,19840,494.11692000,11716891.20343690,0
1655145000000,23640.01000000,23706.12000000,23482.00000000,23641.86000000,976.49339000,1655145899999,23040002.15191120,18815,481.97885000,11372830.66392870,0
1655145900000,23641.86000000,23695.79000000,23363.61000000,23375.01000000,947.69455000,1655146799999,22267667.05961460,19704,421.21529000,9895505.84504110,0
1655146800000,23375.02000000,23410.83000000,23210.43000000,23263.96000000,1375.88092000,1655147699999,32066385.14898820,21059,824.42839000,19212089.15796050,0
1655147700000,23263.96000000,23387.84000000,23134.97000000,23156.58000000,1334.67278000,1655148599999,31021183.66967850,21881,708.70215000,16474065.27008270,0
1655148600000,23156.58000000,23350.00000000,23101.01000000,23207.46000000,986.46796000,1655149499999,22917681.41355230,17803,491.66417000,11423842.63593130,0
1655149500000,23207.45000000,23333.61000000,23168.46000000,23218.22000000,706.46521000,1655150399999,16423055.64636480,14465,355.84453000,8272123.65530490,0
1655150400000,23215.97000000,23513.64000000,23191.48000000,23399.49000000,966.99231000,1655151299999,22613961.19096740,18915,518.83723000,12134474.14239890,0
1655151300000,23399.49000000,23635.40000000,23376.58000000,23606.11000000,867.86419000,1655152199999,20416617.15630840,17941,462.67284000,10883605.82717060,0
1655152200000,23606.11000000,23787.30000000,23414.48000000,23466.11000000,929.67329000,1655153099999,21919339.68718290,18605,457.47961000,10786459.09581190,0
1655153100000,23466.11000000,23498.02000000,23241.00000000,23245.83000000,785.22209000,1655153999999,18309344.16720510,17984,363.34733000,8470650.01865850,0
1655154000000,23245.82000000,23390.54000000,23165.00000000,23247.22000000,796.40120000,1655154899999,18530604.14716170,16455,430.51741000,10020135.33445390,0
1655154900000,23247.22000000,23337.48000000,23200.75000000,23212.69000000,511.81464000,1655155799999,11903604.35965760,12914,228.60725000,5318453.47022640,0
1655155800000,23214.98000000,23263.49000000,22862.09000000,22917.52000000,1039.53101000,1655156699999,23946377.81329630,21392,333.04513000,7686182.60479400,0
1655156700000,22917.51000000,23100.00000000,22915.23000000,23061.45000000,721.24185000,1655157599999,16602011.14977870,14465,364.77820000,8395241.27543040,0
1655157600000,23061.44000000,23131.51000000,22882.81000000,22989.12000000,821.04891000,1655158499999,18894523.55884990,12461,375.12949000,8633079.36066150,0
1655158500000,22989.11000000,22998.71000000,22876.00000000,22917.47000000,658.69504000,1655159399999,15104314.02914000,10230,347.03880000,7957599.53576430,0
1655159400000,22917.46000000,23061.21000000,22746.00000000,22785.06000000,1196.64926000,1655160299999,27420706.88359580,16501,579.45553000,13286890.21704990,0
1655160300000,22785.07000000,22838.92000000,22563.00000000,22587.90000000,1626.47470900,1655161199999,36911109.79374810,21643,724.56078000,16450802.12458140,0
1655161200000,22587.90000000,22650.00000000,22205.00000000,22222.97000000,3954.34416300,1655162099999,88748200.74909583,39726,1651.43255300,37081571.80630412,0
1655162100000,22222.98000000,22490.00000000,22043.70000000,22160.63000000,3417.71333600,1655162999999,75991278.37835694,37550,1554.83829300,34568206.78692180,0
1655163000000,22150.03000000,22350.00000000,21925.77000000,22301.52000000,4292.79084000,1655163899999,95062723.14228810,40626,1948.14199400,43190162.33430650,0
1655163900000,22301.52000000,22545.10000000,22262.60000000,22487.41000000,2007.34852000,1655164799999,45047367.05349790,24713,1012.98835000,22730095.65311130,0
1655164800000,22485.27000000,22796.71000000,22308.69000000,22699.73000000,3909.89416000,1655165699999,88198623.17786660,39050,2022.05336000,45614042.62417880,0
1655165700000,22699.73000000,22703.79000000,22251.55000000,22313.49000000,2567.41982000,1655166599999,57611234.01274500,27571,1329.72925000,29829377.22899490,0
1655166600000,22313.50000000,22549.99000000,22231.08000000,22367.19000000,2081.73941000,1655167499999,46535738.39121350,22341,1171.62350000,26192427.90367420,0
1655167500000,22367.20000000,22367.20000000,21756.73000000,21759.51000000,3085.24008300,1655168399999,68002032.46027345,34693,1334.44915500,29410645.33046740,0
1655168400000,21759.51000000,21887.84000000,21500.00000000,21627.43000000,5427.02649200,1655169299999,117693295.00574160,56237,2446.04743300,53049809.18286670,0
1655169300000,21627.43000000,21674.69000000,21150.75000000,21171.20000000,5349.99754900,1655170199999,114541978.88106671,59409,2268.75322700,48592322.55045020,0
1655170200000,21171.20000000,21387.32000000,21000.99000000,21013.08000000,5873.86926100,1655171099999,124181121.42693850,64999,2808.82420000,59386622.57179430,0
1655171100000,21012.01000000,21346.15000000,20855.00000000,20855.00000000,5944.75139500,1655171999999,125168777.88106559,69354,2785.15078900,58669398.29781850,0
1655172000000,20855.00000000,21500.00000000,20846.00000000,21311.74000000,5406.91856000,1655172899999,114472518.53987620,65879,2710.91198000,57386567.97429750,0
1655172900000,21311.74000000,21642.15000000,20940.49000000,21109.78000000,3966.26260000,1655173799999,84421332.46807900,53612,1950.98663000,41542076.32577210,0
1655173800000,21109.77000000,21493.65000000,21059.44000000,21493.65000000,3879.97442000,1655174699999,82420448.20621950,51244,1899.12796000,40347469.66355180,0
1655174700000,21491.40000000,21790.00000000,21392.55000000,21548.74000000,5452.45739000,1655175599999,117513845.13003810,60168,2409.16711000,51920975.81095040,0
1655175600000,21548.74000000,21726.09000000,21327.36000000,21687.20000000,2304.50182000,1655176499999,49638032.95913860,32164,1145.28042000,24672466.58321340,0
1655176500000,21687.20000000,21978.00000000,21665.14000000,21914.28000000,3607.69109000,1655177399999,78857402.05929730,48807,1791.18756000,39147235.94060540,0
1655177400000,21914.28000000,22300.00000000,21836.12000000,21946.63000000,3369.51312000,1655178299999,74312052.98917140,47225,1635.26548000,36057640.79002730,0
1655178300000,21946.62000000,22200.00000000,21867.16000000,22127.91000000,1912.72458000,1655179199999,42143696.05529730,28992,951.69115000,20964854.51600170,0
1655179200000,22127.92000000,22466.88000000,22070.81000000,22100.74000000,3491.04858000,1655180099999,77718976.96884920,41834,1887.92582000,42020531.94106590,0
1655180100000,22100.74000000,22148.84000000,21777.02000000,21914.87000000,2598.10355000,1655180999999,56956442.90943380,32472,1316.00461000,28847611.67685620,0
1655181000000,21914.87000000,22108.00000000,21816.79000000,21944.09000000,2056.47182000,1655181899999,45219509.45525150,28094,1013.59172000,22287390.41043550,0
1655181900000,21944.08000000,22094.55000000,21763.71000000,21977.83000000,2105.20849000,1655182799999,46091077.86215590,27592,1037.08385000,22707151.27010410,0
1655182800000,21977.83000000,22438.10000000,21918.66000000,22328.57000000,3056.12890000,1655183699999,67877971.86415310,35986,1576.48086000,35012775.16821340,0
1655183700000,22328.56000000,23362.88000000,22327.00000000,22870.62000000,6866.25593000,1655184599999,156849443.39993740,82484,3589.18549000,81991820.29563000,0
1655184600000,22870.61000000,23047.35000000,22686.63000000,22917.68000000,3448.04824000,1655185499999,78893776.45347060,41208,1814.85076000,41527411.93975940,0
1655185500000,22917.67000000,22984.88000000,22707.49000000,22747.24000000,2251.20339000,1655186399999,51388384.43908970,30769,1168.57721000,26673118.63408300,0
1655186400000,22747.25000000,22909.50000000,22482.46000000,22556.26000000,2506.76258000,1655187299999,56817184.57062220,33225,1132.64678000,25686837.02865320,0
1655187300000,22556.27000000,22638.97000000,22323.78000000,22510.03000000,2600.47238000,1655188199999,58443305.25241030,33417,1447.91247000,32539750.22053330,0
1655188200000,22510.04000000,22652.79000000,22370.00000000,22390.59000000,1979.80568000,1655189099999,44578542.92737720,25256,958.53321000,21592197.68042080,0
1655189100000,22391.59000000,22680.00000000,22325.18000000,22633.82000000,1887.22292000,1655189999999,42567943.95083620,26329,894.36568000,20175240.23245150,0
1655190000000,22633.81000000,22711.15000000,22202.46000000,22257.64000000,2458.04692000,1655190899999,55148273.49577960,31527,1152.09124000,25854131.09726110,0
1655190900000,22257.65000000,22558.15000000,22171.00000000,22553.30000000,1815.44647000,1655191799999,40645787.80380650,25186,902.10960000,20198698.39169280,0
1655191800000,22553.31000000,22946.84000000,22402.76000000,22846.50000000,2832.84602000,1655192699999,64468478.72434850,36747,1350.93277000,30745721.59649340,0
1655192700000,22846.20000000,23041.27000000,22785.77000000,22877.52000000,1939.46374000,1655193599999,44472006.97002010,31173,1001.69408000,22975117.95574150,0
1655193600000,22877.52000000,22915.69000000,22667.28000000,22709.75000000,2090.84715000,1655194499999,47616037.25434610,25528,1115.81773000,25407241.60219750,0
1655194500000,22709.75000000,22849.66000000,22678.25000000,22804.48000000,1182.94999000,1655195399999,26912312.44732180,16376,544.80583000,12393072.80673910,0
1655195400000,22804.47000000,22979.96000000,22703.65000000,22715.01000000,1456.73154000,1655196299999,33268271.86568760,19812,742.63677000,16958878.71025600,0
1655196300000,22715.00000000,22752.76000000,22572.35000000,22609.91000000,1045.19360000,1655197199999,23674907.73278200,17156,534.91988000,12113352.70832530,0
1655197200000,22609.90000000,22659.29000000,22536.93000000,22592.76000000,871.17516000,1655198099999,19689984.34503960,14785,475.28359000,10741277.68148740,0
1655198100000,22592.77000000,22700.00000000,22451.13000000,22460.54000000,1181.44347000,1655198999999,26669904.59756310,16842,574.86803000,12976292.49783430,0
1655199000000,22460.55000000,22526.59000000,22374.76000000,22417.98000000,998.71546000,1655199899999,22424635.20293010,17431,486.74274000,10930162.21062360,0
1655199900000,22417.98000000,22471.52000000,22289.36000000,22298.92000000,1713.20923000,1655200799999,38337453.41934050,22593,865.20661000,19359937.56634470,0
1655200800000,22298.92000000,22400.00000000,22250.43000000,22338.45000000,1274.08414000,1655201699999,28431617.60826350,18873,582.96181000,13008102.84140990,0
1655201700000,22338.45000000,22563.13000000,22263.24000000,22503.22000000,1135.32451000,1655202599999,25457713.32335680,17782,558.39920000,12520838.16514160,0
1655202600000,22503.22000000,22648.13000000,22424.27000000,22487.10000000,1315.32639000,1655203499999,29645702.10958560,17729,646.60180000,14577997.25924180,0
1655203500000,22487.10000000,22549.98000000,22327.50000000,22381.28000000,858.10126000,1655204399999,19245619.26082880,15182,403.09463000,9039383.65699650,0
1655204400000,22381.27000000,22422.10000000,22154.62000000,22188.95000000,1664.45280000,1655205299999,37092499.86843180,20523,578.26671000,12887492.63162110,0
1655205300000,22188.95000000,22195.82000000,21941.85000000,21978.91000000,1982.47221000,1655206199999,43732590.33821980,27926,886.34780000,19554195.26357990,0
1655206200000,21978.91000000,22051.44000000,21765.43000000,21772.49000000,1797.53477000,1655207099999,39416663.97291640,23406,819.73204000,17980220.25898190,0
1655207100000,21772.48000000,22030.26000000,21725.22000000,21994.56000000,1926.46239000,1655207999999,42160570.69093880,23742,1067.37835000,23358950.10132210,0
1655208000000,21994.56000000,22172.93000000,21900.01000000,21950.00000000,1506.00585000,1655208899999,33179203.97360230,21558,757.25672000,16685347.38253100,0
1655208900000,21950.00000000,21976.34000000,21811.01000000,21814.29000000,1085.82066000,1655209799999,23758004.46950800,16095,560.90265000,12272066.18899360,0
1655209800000,21814.29000000,22455.91000000,21814.29000000,22255.02000000,2742.11061000,1655210699999,60858271.73284910,34974,1407.06505000,31205106.61604000,0
1655210700000,22255.03000000,22362.29000000,22120.00000000,22150.85000000,1454.79898000,1655211599999,32297701.55233180,21469,752.91403000,16715414.40129950,0
1655211600000,22150.85000000,22343.07000000,22122.91000000,22260.59000000,1012.75058000,1655212499999,22496068.74294630,17882,515.59786000,11450775.43810180,0
1655212500000,22260.59000000,22573.83000000,22260.59000000,22531.34000000,2141.02763000,1655213399999,48096683.42147670,26934,1214.26717000,27271415.89816760,0
1655213400000,22531.33000000,22591.78000000,21967.00000000,22055.65000000,2709.58067000,1655214299999,60416093.40630170,33899,1207.08780000,26926987.74808980,0
1655214300000,22055.66000000,22448.68000000,22003.75000000,22411.33000000,2366.36578000,1655215199999,52474923.92754630,29152,1163.25909000,25803565.99428540,0
1655215200000,22416.91000000,22486.44000000,22121.64000000,22207.01000000,1727.22263000,1655216099999,38525919.06181360,27616,924.89605000,20629195.25160540,0
1655216100000,22207.00000000,22227.45000000,22058.92000000,22125.31000000,1578.43808000,1655216999999,34945923.52178770,23068,761.24386000,16852693.05024830,0
1655217000000,22125.32000000,22285.71000000,22019.06000000,22177.11000000,1585.41305000,1655217899999,35108216.54073420,22420,765.80720000,16965636.16163120,0
1655217900000,22177.11000000,22555.00000000,22136.76000000,22513.72000000,2482.08488000,1655218799999,55677301.65180470,31447,1453.65839000,32598990.23224530,0
1655218800000,22513.71000000,22773.00000000,22463.25000000,22533.47000000,1987.48668000,1655219699999,44977353.39979280,28497,1089.93198000,24674826.18365050,0
1655219700000,22533.48000000,22560.11000000,22352.49000000,22472.87000000,1275.24105000,1655220599999,28638429.16770880,21641,680.33872000,15277098.90355740,0
1655220600000,22472.87000000,22684.11000000,22260.94000000,22659.15000000,1701.16743000,1655221499999,38264121.89232370,26160,904.81766000,20360645.66345460,0
1655221500000,22659.16000000,22800.00000000,22601.11000000,22680.38000000,1809.74270000,1655222399999,41071042.60579820,27649,997.88577000,22651160.38688370,0
1655222400000,22680.38000000,22777.07000000,22507.00000000,22538.18000000,1002.04337000,1655223299999,22675964.38516820,21932,516.97253000,11700068.75397150,0
1655223300000,22538.18000000,22726.40000000,22490.01000000,22679.74000000,891.12830000,1655224199999,20159656.75661470,19201,397.93267000,9002735.55148100,0
1655224200000,22679.74000000,22743.67000000,22455.34000000,22500.00000000,928.45953000,1655225099999,20949051.17961750,20708,427.96069000,9657257.98941110,0
1655225100000,22500.00000000,22539.00000000,22421.16000000,22484.69000000,564.99440000,1655225999999,12700376.13553230,14100,301.81544000,6784482.45374400,0
1655226000000,22484.69000000,22644.34000000,22432.24000000,22573.33000000,660.35278000,1655226899999,14889012.20161710,15713,335.81166000,7568946.62056020,0
1655226900000,22573.32000000,22740.00000000,22558.30000000,22644.81000000,653.06175000,1655227799999,14791490.10546890,16127,354.57648000,8030549.22054560,0
1655227800000,22644.80000000,22698.00000000,22356.26000000,22417.35000000,997.31456000,1655228699999,22404810.81549310,20696,496.11719000,11143616.10748140,0
1655228700000,22417.36000000,22453.38000000,22325.00000000,22361.56000000,708.63557000,1655229599999,15873895.80538940,14509,342.45054000,7671283.67251920,0
1655229600000,22361.94000000,22480.00000000,22343.37000000,22436.04000000,568.29836000,1655230499999,12744363.31106510,13771,308.48898000,6917372.43682630,0
1655230500000,22436.04000000,22534.24000000,22417.17000000,22446.39000000,531.21515000,1655231399999,11938760.05520600,12351,301.16614000,6768189.30661060,0
1655231400000,22446.40000000,22590.72000000,22370.00000000,22501.84000000,663.85070000,1655232299999,14939560.65635960,16558,340.04154000,7653797.97627240,0
1655232300000,22501.85000000,22545.65000000,22219.23000000,22297.16000000,948.61512000,1655233199999,21160571.51344240,21769,482.84156000,10770694.82488830,0
1655233200000,22297.16000000,22331.77000000,22126.40000000,22128.33000000,788.05100000,1655234099999,17513634.20883050,15697,383.34298000,8520332.00979590,0
1655234100000,22128.34000000,22209.04000000,22126.51000000,22150.00000000,524.36158000,1655234999999,11623854.21632970,12916,267.97507000,5939676.38191390,0
1655235000000,22150.01000000,22320.00000000,22140.02000000,22245.79000000,531.63408000,1655235899999,11826385.96304220,13604,315.20679000,7012025.50383380,0
1655235900000,22245.80000000,22277.54000000,22137.08000000,22196.28000000,503.15707000,1655236799999,11172712.51118020,12977,247.41546000,5494489.73246370,0
1655236800000,22190.93000000,22244.44000000,22164.02000000,22182.30000000,277.66112000,1655237699999,6166991.64498280,10236,144.46984000,3208592.99448080,0
1655237700000,22182.29000000,22241.70000000,21913.53000000,21933.04000000,982.75577000,1655238599999,21652810.28677940,18460,448.49461000,9884463.21364140,0
1655238600000,21933.04000000,22093.44000000,21851.41000000,21863.26000000,1032.25256000,1655239499999,22647686.19380180,18416,519.99557000,11412056.40082930,0
1655239500000,21863.25000000,22056.96000000,21839.48000000,21989.87000000,814.81212000,1655240399999,17907328.23263470,16486,432.46924000,9502842.06537690,0
1655240400000,21989.88000000,22099.57000000,21980.00000000,22003.62000000,784.53140000,1655241299999,17281695.26639150,13447,380.69320000,8388358.34915530,0
1655241300000,22003.62000000,22024.46000000,21518.00000000,21555.82000000,1493.59965000,1655242199999,32438468.02924840,28027,572.91756000,12431266.26339310,0
1655242200000,21555.83000000,21646.82000000,21431.70000000,21488.22000000,900.84970000,1655243099999,19386702.86816790,22288,384.89906000,8286709.63611150,0
1655243100000,21488.22000000,21569.50000000,21358.00000000,21484.73000000,895.74903000,1655243999999,19216178.62278900,17939,457.78152000,9819981.74229530,0
1655244000000,21484.74000000,21655.50000000,21476.28000000,21580.01000000,1000.82896000,1655244899999,21589428.50428510,14346,509.54245000,10992284.90594790,0
1655244900000,21580.01000000,21617.63000000,21526.41000000,21609.36000000,560.21771000,1655245799999,12086562.03641070,9411,288.51555000,6225015.43110440,0
1655245800000,21609.35000000,21626.48000000,21475.87000000,21584.81000000,791.77905000,1655246699999,17061390.59880410,11493,351.38616000,7572350.22557250,0
1655246700000,21584.80000000,21659.00000000,21563.75000000,21598.93000000,717.09010000,1655247599999,15492817.05953170,9495,414.35240000,8951996.06553520,0
1655247600000,21598.92000000,21887.93000000,21579.07000000,21713.43000000,1231.84857000,1655248499999,26786813.92134810,17935,697.13635000,15157793.68233400,0
1655248500000,21713.43000000,22164.76000000,21674.31000000,21992.48000000,2279.69159000,1655249399999,50024762.49170860,25415,1309.94352000,28744935.26384850,0
1655249400000,21992.48000000,22344.00000000,21978.93000000,22158.08000000,1508.62496000,1655250299999,33455640.74460090,22608,725.07864000,16076904.46049850,0
1655250300000,22158.09000000,22264.09000000,22118.46000000,22136.41000000,772.38241000,1655251199999,17138342.90613770,13329,362.72260000,8048909.09098760,0
1655251200000,22136.42000000,22153.20000000,21882.00000000,21934.01000000,1424.73776000,1655252099999,31343627.24623380,21181,744.01469000,16364213.86305210,0
1655252100000,21935.41000000,22100.00000000,21904.30000000,21981.69000000,755.66921000,1655252999999,16637179.55744730,13551,377.50270000,8310815.32751450,0
1655253000000,21981.68000000,22147.05000000,21942.33000000,22047.86000000,523.56434000,1655253899999,11553197.40826010,11850,261.83084000,5777167.78394260,0
1655253900000,22047.86000000,22091.46000000,21741.59000000,21808.32000000,1217.73410000,1655254799999,26614055.82551840,17946,574.26507000,12546245.67791620,0
1655254800000,21808.33000000,21968.89000000,21770.68000000,21950.96000000,770.30227000,1655255699999,16842893.05116400,13102,422.60278000,9240701.84413390,0
1655255700000,21950.97000000,22025.30000000,21916.17000000,21998.17000000,793.89133000,1655256599999,17434863.09752980,13329,382.66177000,8403818.17290930,0
1655256600000,21998.17000000,22280.72000000,21981.48000000,22264.16000000,1522.60204000,1655257499999,33651203.05158600,18567,830.08145000,18355538.01154850,0
1655257500000,22264.15000000,22297.37000000,22121.66000000,22163.99000000,1136.59629000,1655258399999,25222564.45778600,15401,506.27633000,11233410.20263980,0
1655258400000,22164.00000000,22174.98000000,21993.06000000,22055.47000000,810.32551000,1655259299999,17880354.73591900,12909,380.14392000,8386644.45102350,0
1655259300000,22055.46000000,22087.88000000,21900.00000000,21956.42000000,831.13751000,1655260199999,18281339.59448220,12197,316.36636000,6956077.57740680,0
1655260200000,21956.42000000,21968.61000000,21851.39000000,21879.66000000,600.91350000,1655261099999,13168026.21478320,11014,280.29942000,6142291.49509100,0
1655261100000,21879.67000000,22005.58000000,21865.47000000,21985.86000000,513.95779000,1655261999999,11273352.78127890,9903,252.20268000,5531797.33365460,0
1655262000000,21985.85000000,22044.44000000,21762.77000000,21846.57000000,984.45570000,1655262899999,21580521.33767800,14324,396.52803000,8684555.91059200,0
1655262900000,21846.58000000,21855.76000000,21650.00000000,21720.59000000,1235.64016000,1655263799999,26864281.11519440,17064,540.71810000,11757119.39630520,0
1655263800000,21720.59000000,21724.50000000,21530.94000000,21546.28000000,1013.82928000,1655264699999,21912940.39760740,16394,450.33730000,9734298.25162570,0
1655264700000,21546.28000000,21676.08000000,21406.68000000,21455.80000000,1405.06061000,1655265599999,30273288.20334100,19699,638.15853000,13752588.64130660,0
1655265600000,21455.80000000,21490.67000000,20999.33000000,21248.38000000,4483.35646000,1655266499999,94904690.99198970,51368,1847.93927000,39136413.11838110,0
1655266500000,21248.38000000,21300.00000000,20950.00000000,21007.78000000,2941.75711000,1655267399999,61995789.23367740,32951,1300.93993000,27424678.56259750,0
1655267400000,21007.78000000,21164.24000000,20923.51000000,21104.23000000,2175.68241000,1655268299999,45797598.26831090,26897,1094.17469000,23034864.58316490,0
1655268300000,21104.22000000,21385.29000000,21100.01000000,21148.79000000,1946.61647000,1655269199999,41320937.40545340,25992,1060.45647000,22512442.67128810,0
1655269200000,21148.80000000,21274.36000000,21091.44000000,21187.86000000,1371.08518000,1655270099999,29058874.48725240,19516,659.40992000,13973080.38708340,0
1655270100000,21187.86000000,21203.10000000,20850.40000000,20893.15000000,2240.77500000,1655270999999,47007714.94840000,31193,975.92964000,20474718.33839820,0
1655271000000,20893.15000000,21262.54000000,20750.00000000,21098.26000000,3717.02121300,1655271899999,78122002.60357127,44062,1665.27028000,35042467.48288500,0
1655271900000,21098.27000000,21350.00000000,21044.40000000,21226.31000000,1427.91754000,1655272799999,30292621.73206710,21852,738.75503000,15675511.92356660,0
1655272800000,21226.31000000,21412.29000000,21161.33000000,21167.46000000,1576.92540000,1655273699999,33562207.19751860,22938,809.05453000,17221165.75142840,0
1655273700000,21167.66000000,21226.16000000,20965.03000000,21099.35000000,1650.38390000,1655274599999,34758288.03013110,23213,798.53059000,16819000.45302550,0
1655274600000,21099.34000000,21312.70000000,20999.74000000,21277.03000000,1712.26431000,1655275499999,36274293.71763010,22751,960.86521000,20360699.21946670,0
1655275500000,21277.04000000,21400.99000000,21194.27000000,21336.00000000,1486.00977000,1655276399999,31641938.25409970,20438,814.73768000,17346094.68321180,0
1655276400000,21336.01000000,21445.71000000,21258.12000000,21271.65000000,1396.18411000,1655277299999,29785651.07793980,18677,664.26802000,14173229.88702170,0
1655277300000,21271.64000000,21347.76000000,21083.29000000,21093.48000000,2405.67004000,1655278199999,50939804.45354890,19384,1433.65965000,30340525.48868580,0
1655278200000,21093.49000000,21136.01000000,20950.48000000,21103.73000000,1942.07280000,1655279099999,40907462.41096700,22833,976.81274000,20580774.30423320,0
1655279100000,21103.74000000,21147.51000000,20652.18000000,20722.92000000,4437.99321000,1655279999999,92347060.58612017,48649,2049.80934300,42638686.73949380,0
1655280000000,20722.92000000,20755.80000000,20333.00000000,20343.12000000,7732.75943900,1655280899999,158580923.69034306,70812,3686.32189000,75557761.81655970,0
1655280900000,20343.12000000,20574.08000000,20322.65000000,20464.94000000,3465.11747000,1655281799999,70824814.98997780,42740,1747.66147000,35730716.64350770,0
1655281800000,20465.91000000,20680.76000000,20300.00000000,20372.10000000,2431.23224600,1655282699999,49824716.20813870,34900,1133.71633000,23257017.92612780,0
1655282700000,20372.09000000,20435.31000000,20185.00000000,20265.06000000,4811.05573400,1655283599999,97550570.72369305,48986,2146.46667400,43535605.87938980,0
1655283600000,20265.07000000,20425.01000000,20170.00000000,20179.72000000,3290.28919600,1655284499999,66683914.89912226,41154,1646.88490000,33387953.33727440,0
1655284500000,20179.73000000,20280.59000000,20134.00000000,20210.02000000,2485.21466000,1655285399999,50182348.32708140,32016,1202.64691000,24285569.21123050,0
1655285400000,20210.03000000,20326.12000000,20111.62000000,20217.44000000,2608.54550900,1655286299999,52675946.66888955,32392,1210.50607000,24454289.59176030,0
1655286300000,20217.43000000,20308.00000000,20128.57000000,20238.04000000,2344.14281000,1655287199999,47372932.02121830,31773,1163.35681000,23516150.93384420,0
1655287200000,20238.03000000,20325.30000000,20200.58000000,20277.89000000,2060.85389000,1655288099999,41726806.06479980,26675,858.17105000,17377669.08149980,0
1655288100000,20277.89000000,20819.37000000,20249.41000000,20512.26000000,7384.48644000,1655288999999,151811059.16972120,74298,3976.55892000,81786749.44426330,0
1655289000000,20512.27000000,20680.00000000,20480.00000000,20650.72000000,2691.25228000,1655289899999,55457231.86091330,32742,1291.87681000,26623677.57130800,0
1655289900000,20650.71000000,20679.67000000,20511.16000000,20573.58000000,1527.91693000,1655290799999,31473473.60434070,23304,701.67553000,14453992.42853120,0
1655290800000,20573.59000000,20621.80000000,20394.80000000,20619.17000000,2103.01484000,1655291699999,43153842.80893640,26173,958.00079000,19666708.23395080,0
1655291700000,20619.17000000,20998.44000000,20573.51000000,20970.08000000,2813.69546000,1655292599999,58477527.13699220,39666,1470.08021000,30554939.14204070,0
1655292600000,20970.08000000,21290.00000000,20955.30000000,21181.92000000,3570.78757000,1655293499999,75499986.96430390,46522,1708.39760000,36110446.52217080,0
1655293500000,21181.92000000,21200.00000000,20939.41000000,21177.03000000,1873.20143000,1655294399999,39487232.08048420,25600,809.61539000,17064401.55087420,0
1655294400000,21177.04000000,21371.33000000,21045.13000000,21362.83000000,2010.87169000,1655295299999,42579007.94864050,29323,989.78761000,20963791.16995760,0
1655295300000,21362.84000000,21580.00000000,21172.75000000,21213.24000000,3301.35564000,1655296199999,70501123.00434840,41925,1606.28802000,34316334.82883790,0
1655296200000,21213.24000000,21270.36000000,21096.66000000,21260.77000000,1587.61134000,1655297099999,33627098.53423600,25555,897.66808000,19013910.17973640,0
1655297100000,21260.76000000,21427.90000000,21195.83000000,21197.61000000,1443.26129000,1655297999999,30740520.36743260,24282,682.72310000,14542897.57561460,0
1655298000000,21197.62000000,21489.62000000,21149.82000000,21394.08000000,1475.36984000,1655298899999,31459808.68262930,23721,819.19945000,17467801.42533370,0
1655298900000,21394.08000000,21673.90000000,21328.00000000,21437.85000000,2221.40994000,1655299799999,47710320.05840800,30845,1112.02869000,23892351.87771150,0
1655299800000,21437.85000000,21557.31000000,21342.62000000,21509.95000000,1692.34018000,1655300699999,36292206.35112000,26658,826.15216000,17718333.18268070,0
1655300700000,21509.95000000,21798.95000000,21490.00000000,21561.50000000,2425.99650000,1655301599999,52505661.35529000,34477,1275.14668000,27604579.22230200,0
1655301600000,21561.49000000,21773.34000000,21542.08000000,21604.46000000,1369.96698000,1655302499999,29658794.39223980,23607,658.64299000,14259109.21956080,0
1655302500000,21604.46000000,21630.00000000,21215.00000000,21376.16000000,1910.97917000,1655303399999,40860795.49256640,30924,907.10604000,19390958.26072360,0
1655303400000,21376.16000000,21388.28000000,21205.09000000,21257.03000000,1100.16642000,1655304299999,23411905.17345130,20445,517.10920000,11003546.42662780,0
1655304300000,21257.04000000,21357.60000000,21080.26000000,21215.09000000,1692.02370000,1655305199999,35916159.66389170,26397,797.44000000,16931312.14410580,0
1655305200000,21215.08000000,21412.88000000,21205.66000000,21308.30000000,1131.86238000,1655306099999,24127809.43916380,21735,583.78514000,12442902.11682610,0
1655306100000,21308.30000000,21353.87000000,21133.00000000,21231.75000000,1045.85675000,1655306999999,22187060.87035930,17643,512.66756000,10876537.20697090,0
1655307000000,21231.74000000,21345.37000000,21147.65000000,21319.25000000,751.20764000,1655307899999,15967861.93077660,16698,401.89496000,8542802.19794700,0
1655307900000,21319.24000000,21500.00000000,21303.43000000,21419.10000000,939.33333000,1655308799999,20107758.99190470,19512,455.72000000,9757274.67700220,0
1655308800000,21419.09000000,21545.60000000,21318.38000000,21351.30000000,967.60483000,1655309699999,20710842.58933550,18333,464.96943000,9954086.59719630,0
1655309700000,21351.30000000,21398.13000000,21181.81000000,21210.54000000,963.34309000,1655310599999,20517753.76129820,17205,446.64845000,9513453.36129020,0
1655310600000,21210.54000000,21217.62000000,20753.18000000,20822.52000000,3053.92861000,1655311499999,64016585.64657360,42577,1286.46599000,26963903.90412050,0
1655311500000,20822.51000000,20875.76000000,20632.84000000,20723.00000000,1662.48907000,1655312399999,34524132.86793160,25856,752.61978000,15631528.51858570,0
1655312400000,20723.00000000,20782.66000000,20566.49000000,20740.60000000,1734.16785000,1655313299999,35830111.61124230,26238,796.05140000,16448050.83643780,0
1655313300000,20740.59000000,21000.85000000,20641.50000000,20648.06000000,1729.17205000,1655314199999,36004014.76585770,28517,880.96227000,18352246.25231670,0
1655314200000,20648.06000000,20779.31000000,20500.00000000,20730.00000000,2040.89070000,1655315099999,42123691.61964940,30540,886.20689000,18298650.60369500,0
1655315100000,20730.01000000,21507.04000000,20685.10000000,21117.26000000,3106.26297000,1655315999999,65428381.51133180,49267,1611.02145000,33914766.22973620,0
1655316000000,21117.26000000,21557.95000000,20250.00000000,20505.16000000,9428.24204000,1655316899999,194905519.61292750,134964,4441.67508000,91966684.88160970,0
1655316900000,20494.82000000,20849.97000000,20401.85000000,20752.47000000,3303.07055000,1655317799999,68219533.98692920,57704,1674.25164000,34585165.67945100,0
1655317800000,20752.47000000,22079.94000000,20448.62000000,21958.70000000,6570.30804000,1655318699999,139467705.04200090,96926,3650.27735000,77689180.04313100,0
1655318700000,21943.30000000,22496.52000000,21182.81000000,21540.07000000,7088.65260000,1655319599999,154211041.51874370,102150,3667.00977000,79881675.16478540,0
1655319600000,21540.07000000,21773.84000000,21449.74000000,21627.07000000,2251.41442000,1655320499999,48650868.66005510,44404,1142.62553000,24695607.88376310,0
1655320500000,21627.07000000,22018.00000000,21537.81000000,21909.31000000,2156.74216000,1655321399999,46963991.53119240,39521,1067.51296000,23251336.64580070,0
1655321400000,21909.31000000,22280.00000000,21780.43000000,21809.85000000,2760.31828000,1655322299999,60798318.55517770,45396,1258.67233000,27727240.36034530,0
1655322300000,21809.85000000,21908.44000000,21549.89000000,21632.04000000,1461.47093000,1655323199999,31727520.79320550,27803,705.98883000,15329743.91474050,0
1655323200000,21632.03000000,21805.49000000,21533.79000000,21602.98000000,1074.36664000,1655324099999,23306399.41146520,21079,514.39635000,11156822.04835970,0
1655324100000,21602.21000000,21661.85000000,21450.00000000,21635.44000000,913.40930000,1655324999999,19696785.71902100,20856,447.60825000,9653219.84205340,0
1655325000000,21635.44000000,21888.88000000,21561.74000000,21869.89000000,918.63671000,1655325899999,19977753.38287890,19387,491.50985000,10688919.79810190,0
1655325900000,21869.89000000,21927.43000000,21675.05000000,21681.79000000,907.33098000,1655326799999,19791788.10415520,18337,452.18564000,9864259.35205560,0
1655326800000,21681.79000000,21820.15000000,21642.46000000,21804.99000000,453.64579000,1655327699999,9859896.39904060,13496,280.71881000,6102040.76929760,0
1655327700000,21805.00000000,21979.16000000,21804.99000000,21903.71000000,669.40226000,1655328599999,14654586.69889040,16034,364.21555000,7972825.36419580,0
1655328600000,21903.71000000,22170.20000000,21828.36000000,22018.21000000,962.38723000,1655329499999,21192115.47960540,22452,503.93809000,11097377.02917680,0
1655329500000,22018.21000000,22445.53000000,22018.21000000,22214.02000000,1781.23837000,1655330399999,39638911.84081840,30703,961.51306000,21401752.28412210,0
1655330400000,22214.03000000,22590.52000000,22207.10000000,22475.48000000,2762.51225000,1655331299999,61986591.42863330,33800,1467.09195000,32925945.07008590,0
1655331300000,22475.48000000,22800.00000000,22318.21000000,22646.73000000,2948.65868000,1655332199999,66515062.85095830,35740,1559.61515000,35193721.47135770,0
1655332200000,22646.72000000,22747.72000000,22466.19000000,22516.92000000,1474.89951000,1655333099999,33344090.20020670,24422,671.61745000,15185200.09402840,0
1655333100000,22516.92000000,22599.67000000,22421.31000000,22474.41000000,891.37371000,1655333999999,20052065.34379050,15688,444.86688000,10008942.91041920,0
1655334000000,22474.42000000,22633.60000000,22422.67000000,22605.74000000,888.08772000,1655334899999,19990427.06862370,15051,506.68912000,11405814.73623830,0
1655334900000,22605.74000000,22686.81000000,22545.33000000,22621.96000000,738.68634000,1655335799999,16704995.91758360,12753,354.47765000,8015459.51000900,0
1655335800000,22621.96000000,22639.86000000,22467.49000000,22503.50000000,716.91118000,1655336699999,16142714.56178930,12697,292.13009000,6578336.12509860,0
1655336700000,22503.50000000,22606.68000000,22468.09000000,22583.72000000,649.55759000,1655337599999,14634439.82588330,13290,334.66918000,7540753.35281970,0
1655337600000,22583.72000000,22806.59000000,22553.43000000,22653.06000000,1628.91445000,1655338499999,36964676.88114750,26948,808.89373000,18355590.80071740,0
1655338500000,22653.05000000,22660.74000000,22484.93000000,22558.81000000,1149.17564000,1655339399999,25921465.22747900,18911,593.73972000,13391158.84185580,0
1655339400000,22558.81000000,22749.17000000,22532.37000000,22569.31000000,990.10004000,1655340299999,22411226.45133540,15481,472.14223000,10685336.42845730,0
1655340300000,22569.31000000,22692.58000000,22500.00000000,22680.00000000,783.16584000,1655341199999,17708070.31936180,13103,396.11872000,8957680.48938940,0
1655341200000,22680.00000000,22980.00000000,22659.22000000,22947.03000000,1335.25462000,1655342099999,30432313.48413610,20755,738.09966000,16830185.90290490,0
1655342100000,22947.03000000,22995.73000000,22661.31000000,22688.76000000,1617.10184000,1655342999999,36880813.46855630,22122,763.42498000,17416621.26625650,0
1655343000000,22688.76000000,22700.00000000,22525.00000000,22535.79000000,919.36480000,1655343899999,20772536.90967770,15132,464.47555000,10496089.64271620,0
1655343900000,22535.79000000,22580.00000000,22352.56000000,22368.42000000,977.04553000,1655344799999,21951660.63201910,16528,424.02539000,9528544.73993280,0
1655344800000,22368.42000000,22543.93000000,22360.60000000,22509.50000000,768.47958000,1655345699999,17277237.65105860,15453,404.00604000,9081543.14357080,0
1655345700000,22509.49000000,22520.42000000,22362.89000000,22426.61000000,820.96723000,1655346599999,18436486.13646430,13559,476.43734000,10701840.46561280,0
1655346600000,22426.61000000,22472.92000000,22324.22000000,22396.83000000,922.09025000,1655347499999,20651422.94207680,13037,455.19565000,10195004.20310780,0
1655347500000,22396.83000000,22521.00000000,22359.92000000,22454.07000000,555.90370000,1655348399999,12488418.10798150,10640,265.56215000,5966166.99542280,0
1655348400000,22454.06000000,22530.00000000,22386.64000000,22389.72000000,670.65907000,1655349299999,15048933.60012130,11088,356.98926000,8009259.38902420,0
1655349300000,22389.71000000,22452.67000000,22223.30000000,22315.38000000,909.66801000,1655350199999,20300417.49188600,16115,461.29075000,10295915.90055960,0
1655350200000,22315.37000000,22380.37000000,22192.78000000,22216.65000000,738.67582000,1655351099999,16473377.54007390,12310,331.00588000,7382048.54208300,0
1655351100000,22216.64000000,22276.24000000,22167.08000000,22211.62000000,614.60966000,1655351999999,13661330.79716210,10911,262.47642000,5833993.57477730,0
1655352000000,22211.62000000,22318.30000000,22183.77000000,22296.68000000,666.15094000,1655352899999,14819256.53172630,13315,320.07392000,7121714.95019350,0
1655352900000,22296.68000000,22361.98000000,22290.31000000,22321.93000000,423.02806000,1655353799999,9444337.25768910,9952,206.35282000,4606979.63955100,0
1655353800000,22321.94000000,22349.99000000,22140.16000000,22140.17000000,696.14939000,1655354699999,15494631.73022130,12143,308.94066000,6876429.67715680,0
1655354700000,22140.16000000,22180.58000000,22037.67000000,22093.97000000,959.78472000,1655355599999,21212132.27148910,17578,421.39717000,9314001.99856820,0
1655355600000,22093.96000000,22138.71000000,22016.66000000,22080.00000000,677.91634000,1655356499999,14960394.29512450,12713,304.80518000,6726219.23834070,0
1655356500000,22080.00000000,22177.87000000,22065.29000000,22167.45000000,443.80682000,1655357399999,9825413.01828510,10777,211.64603000,4685254.19903640,0
1655357400000,22167.46000000,22198.99000000,22057.56000000,22087.28000000,412.60178000,1655358299999,9130587.77832140,9807,185.49661000,4104747.04052040,0
1655358300000,22087.28000000,22090.87000000,21915.24000000,21941.97000000,836.83566000,1655359199999,18385327.96683290,18502,342.77471000,7529612.37521070,0
1655359200000,21941.98000000,21994.11000000,21915.16000000,21975.31000000,666.00622000,1655360099999,14622597.97897350,15689,352.10080000,7731101.82903770,0
1655360100000,21975.32000000,22006.32000000,21861.16000000,21864.33000000,574.43785000,1655360999999,12592599.24469510,13568,300.11338000,6578602.88764560,0
1655361000000,21864.32000000,21894.22000000,21722.18000000,21761.16000000,922.43318000,1655361899999,20105226.66120320,17794,428.30597000,9334981.63996050,0
1655361900000,21761.17000000,21818.74000000,21712.00000000,21797.51000000,661.76217000,1655362799999,14406001.43147690,13624,320.45737000,6975845.65492420,0
1655362800000,21797.51000000,21939.66000000,21787.73000000,21901.24000000,865.02838000,1655363699999,18917867.25699280,14786,466.69708000,10205282.24113210,0
1655363700000,21901.23000000,21928.99000000,21741.07000000,21821.97000000,974.18860000,1655364599999,21259052.85560040,17443,461.85388000,10080052.25339970,0
1655364600000,21821.97000000,21834.44000000,21646.64000000,21697.18000000,1167.56595000,1655365499999,25337172.10064290,20983,551.28574000,11961393.51493950,0
1655365500000,21697.18000000,21789.60000000,21685.18000000,21764.17000000,842.71527000,1655366399999,18320935.12910130,15536,334.73974000,7276915.43351830,0
1655366400000,21764.18000000,21808.92000000,21637.99000000,21657.17000000,783.13869000,1655367299999,17025664.51970280,13070,299.28599000,6505388.74836180,0
1655367300000,21657.17000000,21759.25000000,21604.14000000,21737.39000000,598.84716000,1655368199999,12992891.63897240,12299,303.69173000,6590028.93131460,0
1655368200000,21737.39000000,21888.00000000,21720.54000000,21792.54000000,1008.52266000,1655369099999,22006222.69199390,15918,525.73307000,11471057.68965970,0
1655369100000,21792.53000000,21835.44000000,21735.56000000,21786.97000000,677.60498000,1655369999999,14760724.34675260,12585,299.35394000,6521659.42066070,0
1655370000000,21786.97000000,21793.58000000,21416.83000000,21503.23000000,2323.43343000,1655370899999,50030724.79246550,32671,1006.99774000,21683847.73025630,0
1655370900000,21503.23000000,21517.63000000,21236.94000000,21319.20000000,1922.28683000,1655371799999,41053987.14182890,26469,869.32525000,18567938.10207050,0
1655371800000,21319.20000000,21336.11000000,21125.03000000,21206.85000000,1363.86721000,1655372699999,28937249.23393680,24737,659.56198000,13993238.94216480,0
1655372700000,21206.85000000,21314.29000000,21150.93000000,21273.85000000,1063.52311000,1655373599999,22569853.16232140,18485,507.98330000,10780534.02956390,0
1655373600000,21273.86000000,21338.24000000,21171.51000000,21201.21000000,927.83991000,1655374499999,19714879.70230260,15369,472.91654000,10050794.09466770,0
1655374500000,21201.21000000,21255.18000000,21050.00000000,21066.90000000,1036.21794000,1655375399999,21907679.96697670,17411,480.42787000,10156158.86464520,0
1655375400000,21066.91000000,21098.17000000,20852.35000000,20954.02000000,2655.46242000,1655376299999,55697980.89149010,34025,1016.28641000,21310529.57326650,0
1655376300000,20954.01000000,21361.26000000,20872.91000000,21243.04000000,2272.75993000,1655377199999,47901466.61699870,33061,1181.08489000,24901208.48011230,0
1655377200000,21247.90000000,21295.80000000,21151.12000000,21290.66000000,1243.10593000,1655378099999,26368654.15013350,21888,721.76378000,15307348.71640530,0
1655378100000,21290.65000000,21290.66000000,21004.24000000,21133.50000000,975.44628000,1655378999999,20631612.84142210,17834,430.41455000,9103190.20633780,0
1655379000000,21133.50000000,21249.83000000,21100.00000000,21155.78000000,714.92049000,1655379899999,15143801.79717290,14742,365.37961000,7740279.44185330,0
1655379900000,21155.78000000,21155.78000000,20893.69000000,21044.55000000,1378.59816000,1655380799999,28996618.03203060,20702,616.52647000,12970684.43002230,0
1655380800000,21044.56000000,21187.99000000,21018.67000000,21067.04000000,975.46844000,1655381699999,20604070.27752080,16869,533.87781000,11276541.85412560,0
1655381700000,21067.04000000,21302.87000000,20921.99000000,21244.66000000,1511.92093000,1655382599999,31905986.46703080,23885,768.79348000,16227149.42246670,0
1655382600000,21244.66000000,21510.20000000,21195.01000000,21279.38000000,1809.12662000,1655383499999,38672507.72636730,27510,988.13786000,21125927.40308360,0
1655383500000,21279.39000000,21322.64000000,21143.20000000,21144.79000000,898.44610000,1655384399999,19058397.04227730,15919,450.27979000,9549660.14342830,0
1655384400000,21144.80000000,21342.00000000,21141.36000000,21251.06000000,644.56410000,1655385299999,13697529.63570410,13694,366.80113000,7796052.56328850,0
1655385300000,21251.07000000,21283.55000000,21156.88000000,21254.97000000,677.87351000,1655386199999,14375384.48902720,13205,327.97327000,6955380.83918110,0
1655386200000,21254.96000000,21364.00000000,20973.53000000,21066.04000000,2449.12366000,1655387099999,51720234.37077810,36776,1199.83021000,25342304.90385840,0
1655387100000,21066.04000000,21198.51000000,20901.01000000,21022.04000000,1673.81888000,1655387999999,35231485.64551970,29818,851.65145000,17930476.09534120,0
1655388000000,21022.04000000,21038.16000000,20745.00000000,20862.70000000,2060.99520000,1655388899999,43024626.36925420,33726,957.43334000,19989854.41017740,0
1655388900000,20862.70000000,21100.00000000,20843.27000000,21047.35000000,1625.43056000,1655389799999,34163558.08872800,26052,884.46599000,18590618.09984370,0
1655389800000,21047.34000000,21140.93000000,20912.63000000,20918.78000000,967.66040000,1655390699999,20343452.20392220,18743,465.92336000,9796594.88581570,0
1655390700000,20918.77000000,21059.00000000,20826.00000000,20924.33000000,1088.15705000,1655391599999,22794284.42482570,20559,584.28153000,12238585.60336580,0
1655391600000,20924.32000000,21171.89000000,20917.33000000,21111.13000000,1135.07515000,1655392499999,23902225.42570550,20912,578.43034000,12181286.21424060,0
1655392500000,21111.13000000,21244.90000000,21042.06000000,21206.94000000,958.19702000,1655393399999,20257195.99583150,18378,471.41406000,9966111.92068830,0
1655393400000,21206.94000000,21278.77000000,21127.56000000,21179.50000000,773.97225000,1655394299999,16402041.29163100,16226,386.88478000,8199499.86414030,0
1655394300000,21179.50000000,21202.38000000,21000.48000000,21074.77000000,987.92700000,1655395199999,20820273.69232550,16707,447.92556000,9439773.43725540,0
1655395200000,21074.77000000,21087.84000000,20922.72000000,20923.77000000,1137.40860000,1655396099999,23879721.66075280,19969,546.95458000,11482625.11561890,0
1655396100000,20923.77000000,21102.14000000,20818.00000000,21092.30000000,1366.76237000,1655396999999,28672556.03400070,20985,662.81442000,13898446.33912400,0
1655397000000,21092.30000000,21195.85000000,21011.83000000,21158.87000000,1093.22424000,1655397899999,23065991.56481770,19374,527.24709000,11125293.13943130,0
1655397900000,21158.88000000,21250.01000000,21117.98000000,21186.10000000,1401.16457000,1655398799999,29695333.71220890,20594,599.48583000,12702825.52765110,0
1655398800000,21186.10000000,21289.00000000,21109.08000000,21204.10000000,907.69815000,1655399699999,19234422.21946130,16389,444.10318000,9411264.19158980,0
1655399700000,21204.10000000,21500.00000000,21195.27000000,21345.44000000,1330.02620000,1655400599999,28367104.03113840,22652,734.49349000,15667263.77274470,0
1655400600000,21345.44000000,21426.08000000,21239.96000000,21254.53000000,802.28491000,1655401499999,17124144.18247630,16409,398.97305000,8516689.12461840,0
1655401500000,21254.54000000,21275.00000000,21055.00000000,21068.65000000,779.29292000,1655402399999,16474306.66944240,15479,387.71795000,8197241.38849580,0
1655402400000,21068.64000000,21123.48000000,20917.23000000,20988.86000000,1087.98246000,1655403299999,22860406.72455990,17762,426.84228000,8970052.34770380,0
1655403300000,20990.01000000,21044.05000000,20934.49000000,20995.00000000,550.20528000,1655404199999,11551917.19433320,11544,287.72500000,6041554.12987750,0
1655404200000,20995.01000000,21101.17000000,20914.27000000,21079.51000000,730.66975000,1655405099999,15365837.82228510,14026,374.31957000,7872066.01564000,0
1655405100000,21079.52000000,21094.29000000,20940.00000000,21029.37000000,577.24910000,1655405999999,12128342.07042860,13063,264.37833000,5553658.10316320,0
1655406000000,21029.36000000,21130.84000000,20953.61000000,20983.50000000,768.94668000,1655406899999,16174606.23696850,15280,342.47052000,7204292.58612210,0
1655406900000,20983.50000000,21093.60000000,20932.92000000,21072.61000000,536.51800000,1655407799999,11285526.68106410,12257,252.52871000,5312242.72566870,0
1655407800000,21072.61000000,21099.99000000,20862.05000000,20922.48000000,1020.35858000,1655408699999,21371036.33171100,18175,503.59757000,10549501.06276070,0
1655408700000,20922.48000000,20965.05000000,20860.01000000,20875.48000000,702.85860000,1655409599999,14686307.20620510,14808,312.75430000,6535180.55815750,0
1655409600000,20875.48000000,21032.54000000,20860.00000000,21007.36000000,704.98142000,1655410499999,14795024.81852120,13417,390.30534000,8189634.31758190,0
1655410500000,21007.36000000,21048.38000000,20938.29000000,20966.25000000,493.38515000,1655411399999,10356048.48293630,12109,243.17611000,5104847.90816190,0
1655411400000,20966.25000000,20970.39000000,20515.00000000,20561.56000000,1798.28322000,1655412299999,37172279.26711500,34045,743.61138000,15371925.75387220,0
1655412300000,20561.55000000,20743.00000000,20502.00000000,20712.58000000,1028.86689000,1655413199999,21262724.70609440,19620,528.97807000,10930687.02386010,0
1655413200000,20712.58000000,20800.00000000,20678.66000000,20761.05000000,518.90655000,1655414099999,10760250.96303740,12844,283.12719000,5871997.81760300,0
1655414100000,20761.04000000,20932.00000000,20761.04000000,20850.52000000,587.12301000,1655414999999,12248669.58357110,14874,313.96752000,6549793.87616810,0
1655415000000,20850.53000000,20925.62000000,20779.97000000,20792.96000000,382.45128000,1655415899999,7975226.52893510,10163,207.90184000,4334299.76299790,0
1655415900000,20792.96000000,20830.49000000,20631.01000000,20685.50000000,546.87735000,1655416799999,11338463.04547070,11719,244.33724000,5067857.54152150,0
1655416800000,20685.50000000,20707.78000000,20510.00000000,20530.26000000,1175.43984000,1655417699999,24218128.81606190,14779,514.78972000,10607199.22187510,0
1655417700000,20530.26000000,20643.45000000,20522.28000000,20597.72000000,763.00341000,1655418599999,15708747.18012250,11820,381.83878000,7860605.21057640,0
1655418600000,20597.72000000,20671.94000000,20521.38000000,20540.68000000,811.88814000,1655419499999,16732293.40105780,10550,433.04850000,8925011.75024120,0
1655419500000,20540.67000000,20597.19000000,20343.22000000,20364.99000000,1871.35190000,1655420399999,38260157.75377050,24325,720.51564000,14730464.13417090,0
1655420400000,20364.98000000,20437.39000000,20254.00000000,20271.86000000,1992.21717000,1655421299999,40475812.20851190,19928,776.76926000,15795378.50408730,0
1655421300000,20271.86000000,20399.84000000,20232.00000000,20399.84000000,1754.22595000,1655422199999,35581597.69781890,16957,913.08415000,18527631.14607550,0
1655422200000,20399.83000000,20492.52000000,20250.00000000,20283.10000000,1319.71218000,1655423099999,26863051.54943540,16186,592.78843000,12074850.28610920,0
1655423100000,20283.10000000,20428.14000000,20255.04000000,20401.31000000,757.31101000,1655423999999,15423937.89643310,11827,482.45572000,9827736.47469870,0
1655424000000,20400.60000000,20545.74000000,20274.00000000,20464.65000000,1176.19885000,1655424899999,24003898.37980720,19336,608.76812000,12425540.63827980,0
1655424900000,20464.65000000,20630.00000000,20448.43000000,20454.56000000,1293.05782000,1655425799999,26570247.24006450,18131,661.36415000,13589325.39942790,0
1655425800000,20454.57000000,20454.57000000,20246.66000000,20281.26000000,1392.16498000,1655426699999,28289111.02272060,19205,617.37023000,12546661.03759620,0
1655426700000,20281.25000000,20382.14000000,20279.25000000,20363.63000000,864.05044000,1655427599999,17562895.54395280,11949,444.01791000,9025671.65768740,0
1655427600000,20363.64000000,20555.65000000,20347.03000000,20541.14000000,1091.32344000,1655428499999,22337608.54817120,16249,606.95032000,12423995.10706710,0
1655428500000,20541.15000000,20556.86000000,20420.07000000,20471.20000000,807.71844000,1655429399999,16548140.89131490,12476,393.28536000,8059089.56885390,0
1655429400000,20471.21000000,20799.58000000,20400.00000000,20780.19000000,2168.63997000,1655430299999,44705175.06413940,27281,1213.53362000,25018045.59719080,0
1655430300000,20780.18000000,20949.20000000,20624.81000000,20880.80000000,2036.85806000,1655431199999,42339812.43594360,28032,959.59897000,19951032.17950900,0
1655431200000,20880.81000000,21059.68000000,20837.69000000,20893.14000000,1340.52155000,1655432099999,28077549.45784550,21551,666.96636000,13974725.35954440,0
1655432100000,20893.15000000,20908.18000000,20723.71000000,20747.38000000,646.68685000,1655432999999,13441389.98171850,12566,289.66003000,6020735.67219010,0
1655433000000,20747.38000000,20837.61000000,20592.96000000,20693.89000000,1091.21619000,1655433899999,22587877.05090540,17546,497.19183000,10293881.08573960,0
1655433900000,20693.89000000,20740.76000000,20543.09000000,20580.30000000,851.60401000,1655434799999,17559642.54858900,14907,425.04596000,8763577.81823770,0
1655434800000,20580.29000000,20649.11000000,20517.34000000,20633.62000000,645.02934000,1655435699999,13276814.98829380,10755,303.06940000,6238273.83507320,0
1655435700000,20633.62000000,20680.50000000,20554.60000000,20590.07000000,512.24409000,1655436599999,10570884.66264810,9796,218.10537000,4500519.56675400,0
1655436600000,20590.06000000,20653.93000000,20506.07000000,20516.81000000,505.44027000,1655437499999,10408114.26505960,11495,227.36842000,4681385.46609540,0
1655437500000,20516.81000000,20516.81000000,20352.67000000,20383.38000000,1001.06178000,1655438399999,20434889.77518700,15464,429.96294000,8776328.51328480,0
1655438400000,20383.37000000,20465.34000000,20326.00000000,20457.60000000,731.81619000,1655439299999,14929875.45614890,12195,368.69085000,7522711.47497690,0
1655439300000,20457.61000000,20552.55000000,20442.19000000,20509.99000000,725.77323000,1655440199999,14884410.41933180,11349,418.60162000,8584605.51942650,0
1655440200000,20509.99000000,20581.76000000,20486.27000000,20569.03000000,488.04734000,1655441099999,10024316.74764250,9425,251.54779000,5167026.93937380,0
1655441100000,20569.03000000,20633.65000000,20532.85000000,20536.92000000,688.36070000,1655441999999,14166095.04376230,11135,334.16316000,6876603.90165400,0
1655442000000,20536.91000000,20698.63000000,20526.69000000,20659.86000000,577.53968000,1655442899999,11901757.43005620,10543,320.72757000,6608898.42487320,0
1655442900000,20659.86000000,20756.39000000,20620.05000000,20745.01000000,682.87134000,1655443799999,14127065.99920030,11941,356.74116000,7380396.36029740,0
1655443800000,20745.01000000,20974.71000000,20715.14000000,20862.52000000,1349.96214000,1655444699999,28186877.50039900,20371,748.40336000,15622988.49067840,0
1655444700000,20862.52000000,20877.62000000,20762.07000000,20807.76000000,717.82728000,1655445599999,14933792.69489570,10536,278.02618000,5784319.21896440,0
1655445600000,20807.77000000,20823.28000000,20653.74000000,20714.84000000,1301.48601000,1655446499999,26981049.32710030,13398,385.46887000,7988786.63700550,0
1655446500000,20714.84000000,20743.00000000,20616.20000000,20725.32000000,554.29042000,1655447399999,11456738.20726830,9987,273.20863000,5645876.25874360,0
1655447400000,20725.32000000,20931.02000000,20719.07000000,20868.65000000,1011.93037000,1655448299999,21085157.87248100,17083,550.84105000,11477087.97785710,0
1655448300000,20868.66000000,20994.28000000,20812.21000000,20898.02000000,1199.67890000,1655449199999,25083939.75595990,17336,608.81629000,12727335.31598650,0
1655449200000,20898.02000000,20995.00000000,20829.05000000,20873.53000000,838.65440000,1655450099999,17535021.57541810,14510,442.33908000,9249164.26464990,0
1655450100000,20873.53000000,21197.58000000,20830.00000000,21121.70000000,1816.08314000,1655450999999,38240723.56994250,25964,1035.52558000,21801085.07276090,0
1655451000000,21121.71000000,21166.67000000,21040.00000000,21166.13000000,1185.24526000,1655451899999,24989073.97435050,16806,576.55338000,12155112.63896350,0
1655451900000,21166.13000000,21286.01000000,21080.21000000,21100.64000000,1814.96645000,1655452799999,38404283.28851430,24818,1004.41326000,21256625.83094420,0
1655452800000,21100.65000000,21207.50000000,21022.21000000,21185.29000000,1056.11125000,1655453699999,22277710.88080680,14760,547.98888000,11564401.67696810,0
1655453700000,21185.29000000,21258.00000000,21115.24000000,21228.87000000,945.38541000,1655454599999,20019809.69768880,14213,453.51942000,9606591.38629720,0
1655454600000,21229.56000000,21365.43000000,21125.57000000,21182.91000000,1222.35616000,1655455499999,25949322.77723810,18287,595.74459000,12649512.96569830,0
1655455500000,21182.91000000,21182.92000000,21060.32000000,21069.39000000,685.49847000,1655456399999,14461834.93072840,12567,283.15763000,5972924.62864450,0
1655456400000,21069.39000000,21134.73000000,20983.90000000,21097.06000000,898.68980000,1655457299999,18920383.05473380,13316,413.50204000,8707883.91286990,0
1655457300000,21097.05000000,21133.81000000,21008.60000000,21092.64000000,537.97595000,1655458199999,11339367.02302360,9895,283.69295000,5979134.97634380,0
1655458200000,21092.63000000,21137.93000000,20885.07000000,20938.77000000,1018.94502000,1655459099999,21398880.53081850,14548,421.36798000,8846684.45142770,0
1655459100000,20938.78000000,20999.75000000,20877.17000000,20972.66000000,795.59898000,1655459999999,16665752.28811960,13838,464.19538000,9724986.56251390,0
1655460000000,20972.66000000,20998.44000000,20899.93000000,20959.56000000,917.20259000,1655460899999,19211088.15126980,13271,511.19610000,10706309.31851000,0
1655460900000,20959.57000000,20964.96000000,20890.01000000,20947.70000000,502.93418000,1655461799999,10525151.00636310,10341,243.81979000,5102445.30778030,0
1655461800000,20947.69000000,20987.78000000,20847.49000000,20961.75000000,622.03557000,1655462699999,13013093.24629130,11954,267.14601000,5588733.55730330,0
1655462700000,20961.75000000,21150.00000000,20933.45000000,21119.50000000,1045.85911000,1655463599999,22021268.95434230,15832,568.60279000,11970802.34229520,0
1655463600000,21119.50000000,21214.11000000,21071.55000000,21167.81000000,786.86908000,1655464499999,16633149.72607790,14396,372.89591000,7882637.29587880,0
1655464500000,21167.80000000,21169.51000000,21059.45000000,21119.40000000,625.68555000,1655465399999,13212473.60332660,11886,336.87017000,7112388.50911300,0
1655465400000,21119.41000000,21218.00000000,21095.99000000,21159.55000000,586.74187000,1655466299999,12426557.56825050,11358,306.70669000,6495161.26556420,0
1655466300000,21159.55000000,21200.00000000,20943.56000000,20972.04000000,992.76106000,1655467199999,20878662.42745610,16277,459.85203000,9665945.81835820,0
1655467200000,20972.04000000,21042.89000000,20939.14000000,21000.44000000,717.23487000,1655468099999,15057648.94670620,11881,321.86214000,6757251.63685660,0
1655468100000,21000.44000000,21047.41000000,20896.27000000,20906.35000000,666.76591000,1655468999999,13979177.61432970,11594,346.89746000,7271127.88667090,0
1655469000000,20906.35000000,20956.44000000,20731.52000000,20778.08000000,1082.32891000,1655469899999,22578191.75890680,15686,465.26778000,9708156.01962350,0
1655469900000,20778.08000000,20806.31000000,20588.00000000,20654.49000000,1956.09008000,1655470799999,40446526.08130080,25512,927.94616000,19191170.32493200,0
1655470800000,20654.50000000,20685.46000000,20570.87000000,20596.61000000,985.84856000,1655471699999,20328343.75928400,13894,520.84465000,10740861.46747080,0
1655471700000,20596.61000000,20699.38000000,20569.63000000,20624.58000000,991.01106000,1655472599999,20445014.68767300,16143,517.01344000,10666161.84167960,0
1655472600000,20624.58000000,20877.79000000,20621.40000000,20848.99000000,1986.39878000,1655473499999,41244312.23485240,27891,1072.08815000,22259170.57041910,0
1655473500000,20849.00000000,20920.65000000,20780.00000000,20801.35000000,1304.34630000,1655474399999,27198161.02261480,19728,625.03818000,13030411.86958600,0
1655474400000,20801.34000000,20810.76000000,20632.68000000,20654.92000000,1352.79197000,1655475299999,28021629.02794850,21198,654.29505000,13553086.59946270,0
1655475300000,20654.91000000,20673.25000000,20408.34000000,20488.28000000,1905.31164000,1655476199999,39038972.13165480,26714,929.22965000,19036992.58290420,0
1655476200000,20488.27000000,20532.00000000,20386.93000000,20492.16000000,1460.99150000,1655477099999,29916005.75121430,21624,691.73465000,14165848.65056550,0
1655477100000,20492.17000000,20592.89000000,20429.80000000,20550.71000000,1306.90686000,1655477999999,26819156.44669930,17744,592.47595000,12158141.67336430,0
1655478000000,20550.71000000,20749.24000000,20524.84000000,20595.17000000,1292.34460000,1655478899999,26675759.39285630,20063,647.75873000,13370740.24766370,0
1655478900000,20595.18000000,20699.99000000,20552.33000000,20641.16000000,988.97807000,1655479799999,20396524.09379040,16330,489.11967000,10087915.74463230,0
1655479800000,20641.16000000,20721.69000000,20571.19000000,20600.51000000,635.96567000,1655480699999,13126666.42309790,13405,332.20431000,6857065.25003320,0
1655480700000,20600.51000000,20687.23000000,20540.00000000,20663.70000000,851.42083000,1655481599999,17543097.67364090,15380,423.14897000,8719560.24773320,0
1655481600000,20661.95000000,20791.96000000,20602.05000000,20766.30000000,1219.33423000,1655482499999,25234736.16440880,20164,635.06363000,13141433.55454850,0
1655482500000,20766.30000000,20785.76000000,20670.27000000,20680.79000000,803.68952000,1655483399999,16649190.25582650,15738,400.66701000,8299512.92824930,0
1655483400000,20680.79000000,20713.62000000,20625.99000000,20692.93000000,752.88866000,1655484299999,15555464.63502210,13273,394.25699000,8145505.30522630,0
1655484300000,20692.93000000,20726.38000000,20530.00000000,20571.21000000,873.08712000,1655485199999,18007992.18065220,15101,407.03364000,8396476.20174410,0
1655485200000,20571.20000000,20668.50000000,20548.14000000,20659.42000000,728.26888000,1655486099999,15014074.27985570,13696,361.65182000,7454979.48446570,0
1655486100000,20659.43000000,20714.23000000,20562.27000000,20593.46000000,810.90466000,1655486999999,16735843.07659920,12725,404.90716000,8356523.98653320,0
1655487000000,20593.46000000,20622.16000000,20530.61000000,20567.51000000,690.18368000,1655487899999,14199700.01073680,10825,354.59057000,7294992.73444970,0
1655487900000,20567.50000000,20629.90000000,20510.06000000,20592.60000000,795.53681000,1655488799999,16366856.94242680,14993,407.47882000,8383665.08874020,0
1655488800000,20592.59000000,20640.20000000,20565.57000000,20638.66000000,543.83238000,1655489699999,11201055.01747090,10806,301.87732000,6217317.68525190,0
1655489700000,20638.66000000,20653.13000000,20591.01000000,20592.18000000,541.81236000,1655490599999,11179185.40553960,10715,249.59878000,5149624.76199810,0
1655490600000,20592.19000000,20592.19000000,20476.17000000,20491.56000000,713.84649000,1655491499999,14658475.70102290,11879,339.28289000,6967504.90977010,0
1655491500000,20491.56000000,20530.00000000,20468.88000000,20517.62000000,589.43817000,1655492399999,12083660.05183200,10495,302.92845000,6209796.87097270,0
1655492400000,20517.62000000,20536.39000000,20440.92000000,20493.42000000,608.94684000,1655493299999,12476616.47772780,11968,272.13081000,5575486.02720130,0
1655493300000,20493.43000000,20535.71000000,20478.05000000,20483.05000000,479.19439000,1655494199999,9828396.66947020,8351,192.25729000,3942839.73374960,0
1655494200000,20483.06000000,20531.56000000,20441.41000000,20520.73000000,596.68159000,1655495099999,12223826.44856970,10222,320.93554000,6574602.06305060,0
1655495100000,20520.73000000,20547.06000000,20479.30000000,20515.59000000,604.85448000,1655495999999,12412886.80422100,10024,256.87238000,5271162.80967890,0
1655496000000,20515.59000000,20603.44000000,20515.13000000,20582.93000000,744.94955000,1655496899999,15316630.94838840,11113,384.71132000,7909784.42284240,0
1655496900000,20582.92000000,20708.67000000,20574.02000000,20682.54000000,819.76084000,1655497799999,16915414.21286350,11746,439.09078000,9058201.24278560,0
1655497800000,20682.54000000,20723.00000000,20600.73000000,20612.82000000,698.33355000,1655498699999,14429949.75991160,9512,374.84127000,7746400.49712540,0
1655498700000,20612.83000000,20676.27000000,20608.98000000,20652.65000000,727.71737000,1655499599999,15021098.49552890,8672,489.32770000,10098477.65056960,0
1655499600000,20652.65000000,20680.00000000,20626.61000000,20639.81000000,356.70209000,1655500499999,7369685.02165130,6468,194.61571000,4020879.65064790,0
1655500500000,20639.81000000,20639.82000000,20574.08000000,20579.84000000,492.57642000,1655501399999,10149500.76582170,6319,213.53995000,4400016.56301190,0
1655501400000,20579.85000000,20587.59000000,20537.53000000,20549.46000000,264.99665000,1655502299999,5448502.35821320,6535,120.13285000,2469825.57016760,0
1655502300000,20549.47000000,20635.91000000,20513.03000000,20554.16000000,540.79889000,1655503199999,11122990.96353150,9968,301.17686000,6195170.19680360,0
1655503200000,20554.16000000,20605.58000000,20513.02000000,20534.69000000,649.72756000,1655504099999,13363586.12971190,10326,322.69515000,6637411.48609630,0
1655504100000,20534.68000000,20586.05000000,20388.00000000,20416.30000000,1398.88563000,1655504999999,28625970.88388080,16729,564.57342000,11555875.92276820,0
1655505000000,20416.69000000,20447.89000000,20368.20000000,20431.73000000,620.29414000,1655505899999,12660166.70135340,7998,298.52902000,6093301.58934030,0
1655505900000,20431.72000000,20483.76000000,20385.15000000,20451.19000000,642.58335000,1655506799999,13138795.42229980,6733,322.82031000,6604892.69426670,0
1655506800000,20451.19000000,20478.02000000,20428.22000000,20471.02000000,305.29874000,1655507699999,6248162.07296940,5258,177.09577000,3624410.13575520,0
1655507700000,20471.03000000,20544.43000000,20456.83000000,20535.94000000,461.26327000,1655508599999,9457509.60032730,7080,280.09592000,5742614.13177730,0
1655508600000,20535.93000000,20542.72000000,20487.49000000,20514.00000000,363.61609000,1655509499999,7459231.08672000,5401,191.07729000,3919723.01834120,0
1655509500000,20514.00000000,20522.64000000,20434.37000000,20468.81000000,420.59764000,1655510399999,8606314.37422770,6497,187.57791000,3838078.32063640,0
1655510400000,20468.81000000,20665.66000000,20440.82000000,20619.33000000,1074.99146000,1655511299999,22101739.48033480,13875,625.57968000,12859935.03136910,0
1655511300000,20619.34000000,20752.00000000,20568.90000000,20693.72000000,1130.89584000,1655512199999,23358482.73348590,13734,639.41201000,13205869.01372320,0
1655512200000,20693.72000000,20792.06000000,20617.23000000,20643.14000000,902.57077000,1655513099999,18696759.83052060,11765,495.40109000,10265571.10811090,0
1655513100000,20643.14000000,20646.29000000,20548.27000000,20569.14000000,490.44568000,1655513999999,10098355.39344270,7695,205.07721000,4221464.14268220,0
1655514000000,20569.14000000,20599.29000000,20541.04000000,20546.11000000,404.35695000,1655514899999,8320163.45990420,7396,209.00468000,4300448.55306790,0
1655514900000,20546.12000000,20555.80000000,20460.41000000,20496.02000000,513.82034000,1655515799999,10534416.48115310,8137,227.73392000,4668746.17398110,0
1655515800000,20496.02000000,20501.20000000,20375.16000000,20393.08000000,1342.01770000,1655516699999,27399809.64846650,14108,445.91179000,9103563.82051100,0
1655516700000,20393.09000000,20483.87000000,20390.01000000,20390.01000000,614.05824000,1655517599999,12548074.59541100,8993,314.77322000,6432130.77697250,0
1655517600000,20390.02000000,20516.23000000,20322.08000000,20500.63000000,1137.10697000,1655518499999,23198623.76322300,16065,623.99691000,12733587.74052220,0
1655518500000,20501.01000000,20523.25000000,20450.10000000,20480.99000000,635.53587000,1655519399999,13019003.77723070,12376,387.57170000,7939077.79948760,0
1655519400000,20481.00000000,20481.00000000,20383.74000000,20386.97000000,1189.19894000,1655520299999,24288680.10242090,17565,769.11933000,15707231.84240080,0
1655520300000,20386.96000000,20481.67000000,20373.86000000,20475.28000000,1011.81320000,1655521199999,20661285.15937500,18196,745.67596000,15225489.54252120,0
1655521200000,20475.28000000,20498.75000000,20411.54000000,20425.10000000,516.37341000,1655522099999,10563862.61540640,10914,284.75423000,5825611.82921690,0
1655522100000,20425.09000000,20459.53000000,20390.00000000,20424.51000000,684.21040000,1655522999999,13978507.96812180,11044,413.09678000,8439596.32403630,0
1655523000000,20424.52000000,20449.24000000,20394.20000000,20413.68000000,802.10714000,1655523899999,16373396.64902320,9684,391.89149000,8000062.81582900,0
1655523900000,20413.68000000,20467.64000000,20380.70000000,20459.65000000,593.83596000,1655524799999,12127905.75875190,10587,301.12564000,6149763.39277050,0
1655524800000,20459.65000000,20481.03000000,20434.08000000,20442.46000000,333.43608000,1655525699999,6819531.29075370,8893,208.20909000,4258120.13280520,0
1655525700000,20442.46000000,20470.78000000,20397.06000000,20450.00000000,442.59114000,1655526599999,9043964.95610110,10540,268.43444000,5485160.41122080,0
1655526600000,20450.00000000,20489.22000000,20414.46000000,20477.37000000,488.74175000,1655527499999,9999986.83933990,9269,295.11247000,6038232.37701890,0
1655527500000,20477.36000000,20499.67000000,20444.77000000,20493.37000000,427.52590000,1655528399999,8754848.03778150,8465,248.14680000,5081185.16047640,0
1655528400000,20493.38000000,20537.34000000,20413.79000000,20441.98000000,466.36459000,1655529299999,9548338.01841980,9743,236.21136000,4836295.13672380,0
1655529300000,20441.98000000,20464.59000000,20417.85000000,20436.02000000,400.66326000,1655530199999,8187977.47293860,7730,227.90562000,4657271.54324890,0
1655530200000,20436.03000000,20445.54000000,20410.30000000,20424.54000000,343.89241000,1655531099999,7023781.37470930,7131,198.43449000,4052784.13844000,0
1655531100000,20424.54000000,20443.60000000,20394.46000000,20424.05000000,360.36213000,1655531999999,7356762.25405140,8038,193.93674000,3959017.63417300,0
1655532000000,20424.04000000,20446.52000000,20399.95000000,20446.52000000,330.09367000,1655532899999,6742187.31142750,7812,190.17951000,3884521.52766410,0
1655532900000,20446.52000000,20446.52000000,20387.90000000,20399.69000000,431.08299000,1655533799999,8796011.29892990,7765,234.06430000,4775642.83324260,0
1655533800000,20399.69000000,20426.89000000,20385.85000000,20400.00000000,415.26168000,1655534699999,8471737.87841160,8529,253.96046000,5180748.15660700,0
1655534700000,20400.01000000,20409.06000000,19120.00000000,19439.26000000,15414.35726900,1655535599999,302257973.48255928,174221,6084.98814100,118880044.64263563,0
1655535600000,19439.26000000,19600.00000000,19260.00000000,19498.59000000,4948.68716000,1655536499999,96113238.33480190,65268,2388.56451000,46397775.35870860,0
1655536500000,19498.60000000,19505.14000000,19066.80000000,19245.55000000,6294.01399000,1655537399999,121240711.82841200,73801,3075.69064000,59269982.70928260,0
1655537400000,19245.55000000,19349.99000000,19106.39000000,19178.22000000,2659.43966000,1655538299999,51091164.10156660,37721,1292.95876000,24840780.75960980,0
1655538300000,19178.21000000,19419.98000000,19155.13000000,19258.58000000,2177.64237000,1655539199999,42014513.92191820,34462,1192.95786000,23018444.53536440,0
1655539200000,19258.58000000,19273.02000000,19092.21000000,19141.24000000,2271.44150000,1655540099999,43579526.29482890,32168,1072.68014000,20583689.36670610,0
1655540100000,19141.24000000,19218.20000000,18742.50000000,19142.94000000,9458.58769900,1655540999999,179178884.84580541,91077,4027.26777000,76281483.53504377,0
1655541000000,19142.94000000,19393.00000000,19053.41000000,19146.70000000,3022.68199000,1655541899999,58047712.80591970,42714,1637.69615000,31452560.35826260,0
1655541900000,19146.69000000,19232.81000000,18979.24000000,19008.88000000,3097.99021000,1655542799999,59080791.54902950,32578,1844.52936000,35182349.04090420,0
1655542800000,19008.89000000,19100.34000000,18901.01000000,19012.86000000,2282.24181000,1655543699999,43395134.89168550,27196,1263.71832000,24020730.54902100,0
1655543700000,19012.86000000,19218.18000000,19000.00000000,19195.70000000,1712.00059000,1655544599999,32726442.50604810,24688,878.22853000,16789299.36845040,0
1655544600000,19193.92000000,19215.70000000,19027.52000000,19051.39000000,1515.46340000,1655545499999,28977843.17321410,22604,690.65095000,13201972.39324640,0
1655545500000,19051.38000000,19189.84000000,19051.38000000,19173.92000000,962.41127000,1655546399999,18408412.71346370,17184,556.44581000,10642081.04505660,0
1655546400000,19173.91000000,19297.34000000,19149.27000000,19232.04000000,1794.88138000,1655547299999,34521589.95245100,24591,941.03928000,18100031.33629540,0
1655547300000,19232.04000000,19540.00000000,19220.02000000,19452.48000000,3661.79846000,1655548199999,71100241.38823830,39239,2222.44684000,43143626.90362740,0
1655548200000,19452.49000000,19519.97000000,19355.88000000,19378.86000000,1453.93263000,1655549099999,28243570.07623680,19306,786.99659000,15289740.40146850,0
1655549100000,19378.86000000,19445.28000000,19334.39000000,19395.33000000,785.82909000,1655549999999,15226378.25515930,12536,458.75676000,8888414.95906530,0
1655550000000,19395.33000000,19410.00000000,19237.05000000,19316.31000000,1096.90058000,1655550899999,21185997.74301130,16411,530.19540000,10237258.57845590,0
1655550900000,19316.31000000,19464.15000000,19304.99000000,19439.97000000,917.39339000,1655551799999,17785243.70991450,15552,510.94226000,9908316.85812130,0
1655551800000,19439.97000000,19447.31000000,19362.13000000,19409.00000000,804.88439000,1655552699999,15620277.90661770,12185,494.93842000,9604858.96698880,0
1655552700000,19409.00000000,19426.00000000,19237.31000000,19243.98000000,1880.49410000,1655553599999,36277776.76427100,19082,1185.18559000,22859849.31079300,0
1655553600000,19243.99000000,19282.67000000,19166.59000000,19212.77000000,1527.12548000,1655554499999,29358247.47962180,19539,794.59886000,15277480.64864570,0
1655554500000,19212.77000000,19285.58000000,19141.90000000,19241.67000000,1008.13608000,1655555399999,19370211.54086280,15536,590.18043000,11339645.30079060,0
1655555400000,19242.15000000,19291.99000000,19151.80000000,19179.32000000,903.53015000,1655556299999,17365588.12504090,13744,430.57498000,8274345.75784740,0
1655556300000,19179.32000000,19226.19000000,19125.01000000,19155.45000000,979.72929000,1655557199999,18783374.67189140,14947,485.13651000,9301255.75685070,0
1655557200000,19155.46000000,19209.34000000,19090.92000000,19192.41000000,1018.84135000,1655558099999,19504594.96365390,17768,471.39705000,9025428.03595290,0
1655558100000,19192.41000000,19233.71000000,19130.07000000,19175.31000000,821.33380000,1655558999999,15765132.94057310,14370,448.05400000,8600377.54634930,0
1655559000000,19175.32000000,19205.76000000,19100.00000000,19116.49000000,985.78272000,1655559899999,18863555.49359240,15296,504.57470000,9655957.07979540,0
1655559900000,19116.49000000,19218.36000000,19111.59000000,19200.11000000,1067.69204000,1655560799999,20460242.96196900,16648,587.60839000,11258136.28668760,0
1655560800000,19200.12000000,19261.75000000,19180.00000000,19207.12000000,948.67804000,1655561699999,18238294.47854200,15070,490.59354000,9431847.59350970,0
1655561700000,19207.12000000,19235.00000000,19154.47000000,19191.89000000,486.28459000,1655562599999,9332506.12570950,11143,222.30602000,4265974.62123480,0
1655562600000,19191.89000000,19230.00000000,19165.84000000,19181.27000000,547.22184000,1655563499999,10504765.20111900,11794,264.81399000,5082978.22159810,0
1655563500000,19181.28000000,19215.55000000,19069.68000000,19077.58000000,1057.47832000,1655564399999,20219174.53128510,15342,439.22228000,8399379.44350400,0
1655564400000,19077.58000000,19089.86000000,18956.00000000,18982.14000000,1989.11372000,1655565299999,37845831.14228380,27349,938.96448000,17867618.32900430,0
1655565300000,18982.13000000,19123.97000000,18950.94000000,19096.81000000,1185.70584000,1655566199999,22599186.56927350,19670,663.20743000,12640377.60303190,0
1655566200000,19096.81000000,19117.81000000,19017.91000000,19032.25000000,677.95345000,1655567099999,12933505.67536240,11431,333.24135000,6357469.05794170,0
1655567100000,19032.26000000,19063.23000000,18942.75000000,18953.76000000,905.45792000,1655567999999,17197391.32605430,16626,428.96549000,8148004.18931450,0
1655568000000,18953.76000000,19057.21000000,18909.64000000,18977.09000000,1380.74672000,1655568899999,26201364.83875160,21644,707.00646000,13417023.55127360,0
1655568900000,18977.08000000,19101.28000000,18976.57000000,19066.55000000,1079.50212000,1655569799999,20561571.61570670,15954,638.60250000,12162214.32244420,0
1655569800000,19066.54000000,19073.99000000,18932.24000000,18960.25000000,896.25131000,1655570699999,17039498.87863880,13955,427.68530000,8129567.81635910,0
1655570700000,18960.26000000,18960.26000000,18811.00000000,18875.25000000,2164.34576000,1655571599999,40835022.03166830,27500,865.53665000,16326986.38463300,0
1655571600000,18875.25000000,18964.93000000,18829.35000000,18835.60000000,1594.98287000,1655572499999,30158545.83315050,18882,719.44908000,13599386.66164010,0
1655572500000,18835.60000000,18917.41000000,18800.00000000,18887.58000000,1815.37402000,1655573399999,34208533.20596830,18900,770.31644000,14522550.70327190,0
1655573400000,18887.57000000,18909.46000000,18511.00000000,18689.63000000,7223.30962800,1655574299999,135097779.04377197,58701,2369.19099000,44261195.99774430,0
1655574300000,18689.63000000,18704.34000000,18552.02000000,18621.13000000,2426.63005000,1655575199999,45222404.54839780,32965,1230.67445000,22936423.54684310,0
1655575200000,18621.12000000,18653.57000000,18450.00000000,18564.21000000,3125.43837600,1655576099999,57966258.96112460,37200,1444.68498000,26808666.33899020,0
1655576100000,18564.20000000,18573.21000000,18257.79000000,18262.51000000,5811.37715600,1655576999999,106834949.03281617,47463,3497.98689000,64319098.24616780,0
1655577000000,18262.51000000,18409.00000000,18128.00000000,18384.06000000,4238.70789000,1655577899999,77454595.29489648,39830,2112.51837400,38618226.39640530,0
1655577900000,18384.05000000,18425.16000000,18206.08000000,18215.78000000,1597.71337000,1655578799999,29247770.66260660,22908,729.62848000,13356451.61983520,0
1655578800000,18215.77000000,18275.00000000,18100.00000000,18223.01000000,3237.20896300,1655579699999,58880109.69368320,34206,1497.04044000,27237728.08113510,0
1655579700000,18223.01000000,18358.75000000,18202.53000000,18238.54000000,1794.47138000,1655580599999,32805138.53860570,22889,945.77362000,17290390.81477580,0
1655580600000,18238.54000000,18297.63000000,18060.71000000,18111.51000000,2031.50297200,1655581499999,36887557.00768748,24893,875.56759000,15907401.70642570,0
1655581500000,18111.52000000,18159.00000000,18031.13000000,18067.60000000,2153.27739000,1655582399999,38941992.23596330,26864,1106.25881000,20008576.82736810,0
1655582400000,18067.61000000,18134.70000000,17663.00000000,17919.57000000,11070.42155600,1655583299999,198546519.67968027,102088,3619.93939400,64827111.38454060,0
1655583300000,17919.57000000,18177.41000000,17682.73000000,17719.50000000,5758.65957000,1655584199999,103215895.84681000,62117,3048.81059000,54665527.61970610,0
1655584200000,17719.50000000,17968.28000000,17622.00000000,17761.47000000,3613.39428500,1655585099999,64229521.87932830,41373,1941.29190000,34520576.08675910,0
1655585100000,17761.47000000,17833.10000000,17627.23000000,17809.00000000,2886.66071000,1655585999999,51131822.76715890,36596,1503.79861000,26640705.42303940,0
1655586000000,17808.99000000,18042.46000000,17763.38000000,17996.19000000,2281.26774000,1655586899999,40867530.84063240,29195,1232.18621000,22071910.86290080,0
1655586900000,17996.19000000,18850.66000000,17894.64000000,18685.62000000,4384.99115000,1655587799999,80761615.71392190,64082,2269.14539000,41776881.15287950,0
1655587800000,18685.61000000,18919.78000000,18341.52000000,18763.37000000,5507.66297000,1655588699999,102350617.55736150,51528,3638.36627000,67604465.93348310,0
1655588700000,18760.41000000,18793.96000000,18501.01000000,18517.72000000,1615.89930000,1655589599999,30094781.66511850,25930,800.78109000,14915077.41372970,0
1655589600000,18517.71000000,18705.30000000,18425.56000000,18640.88000000,1702.90049000,1655590499999,31638419.18348900,21793,850.15791000,15793230.20069900,0
1655590500000,18640.88000000,19427.42000000,18618.49000000,19337.18000000,3966.86639000,1655591399999,75422626.17815820,44021,2283.95626000,43474722.87810710,0
1655591400000,19319.66000000,19493.23000000,19123.78000000,19228.08000000,3218.81330000,1655592299999,62074230.49730180,45300,1687.20098000,32547031.54106580,0
1655592300000,19228.09000000,19246.84000000,18965.75000000,19186.93000000,1436.52551000,1655593199999,27426782.48305290,26083,697.72058000,13320645.51808650,0
1655593200000,19186.92000000,19269.99000000,19051.16000000,19063.96000000,1198.42236000,1655594099999,22947789.98235630,19867,563.20935000,10786796.28945160,0
1655594100000,19063.96000000,19146.86000000,18908.96000000,19123.00000000,1409.69076000,1655594999999,26801975.00860020,24860,680.52314000,12938041.01283620,0
1655595000000,19123.01000000,19198.98000000,18960.87000000,18985.25000000,1126.09755000,1655595899999,21515073.47004590,16675,542.74635000,10372382.87474540,0
1655595900000,18985.24000000,19048.48000000,18965.38000000,18970.79000000,886.04987000,1655596799999,16842303.89857360,14204,397.25107000,7550364.27400960,0
1655596800000,18970.79000000,19106.52000000,18859.29000000,18923.53000000,1514.41884000,1655597699999,28745800.48113600,23931,702.86670000,13340726.77323380,0
1655597700000,18923.52000000,19198.00000000,18918.14000000,19107.31000000,1713.65371000,1655598599999,32703290.58981490,22211,673.30711000,12843829.01139050,0
1655598600000,19107.30000000,19182.28000000,19014.54000000,19107.01000000,984.52659000,1655599499999,18808326.99107970,16591,449.62898000,8590413.30059130,0
1655599500000,19107.02000000,19113.80000000,18915.00000000,18972.29000000,1005.12323000,1655600399999,19080881.36753270,17105,485.84156000,9220973.64341600,0
1655600400000,18972.28000000,19042.48000000,18883.13000000,18925.08000000,869.18961000,1655601299999,16466110.80218100,13902,458.50178000,8686880.94356640,0
1655601300000,18924.72000000,18949.67000000,18753.23000000,18850.93000000,1008.74070000,1655602199999,19005220.67722400,16821,465.65049000,8771541.74573860,0
1655602200000,18850.93000000,18857.00000000,18593.07000000,18621.55000000,1663.99364000,1655603099999,31115929.48257860,23043,753.64972000,14090372.92253820,0
1655603100000,18621.54000000,18696.36000000,18410.79000000,18480.10000000,1881.15472000,1655603999999,34861438.90206560,24762,898.95106000,16654469.98282390,0
1655604000000,18480.10000000,18529.32000000,18426.84000000,18510.63000000,762.89306000,1655604899999,14097061.88500030,14081,365.47558000,6753118.53729500,0
1655604900000,18510.64000000,18514.04000000,18328.12000000,18361.43000000,1315.22831000,1655605799999,24196801.67754140,19054,614.48406000,11303337.57569870,0
1655605800000,18361.43000000,18503.75000000,18224.98000000,18429.36000000,1826.30247000,1655606699999,33509596.00826060,24174,845.08113000,15502961.57735830,0
1655606700000,18429.36000000,18526.37000000,18380.09000000,18380.10000000,792.56694000,1655607599999,14632714.30164530,14879,369.45671000,6820728.13832490,0
1655607600000,18380.10000000,18750.00000000,18376.50000000,18728.00000000,1514.25096000,1655608499999,28163555.21902390,23597,784.84903000,14600367.22595060,0
1655608500000,18728.00000000,18741.94000000,18544.83000000,18552.97000000,1011.63402000,1655609399999,18833184.84247210,19739,487.57904000,9075861.85383870,0
1655609400000,18552.98000000,18622.14000000,18446.69000000,18473.03000000,837.26985000,1655610299999,15516517.34587180,12933,430.35232000,7978256.31105750,0
1655610300000,18473.03000000,18510.00000000,18262.56000000,18311.09000000,855.58549000,1655611199999,15730464.37538910,15932,451.15476000,8297580.12207610,0
1655611200000,18311.10000000,18478.68000000,18264.66000000,18451.26000000,789.16672000,1655612099999,14489710.14136950,14660,374.23706000,6874893.56822940,0
1655612100000,18451.26000000,18481.28000000,18400.00000000,18425.15000000,362.32690000,1655612999999,6682312.70350940,8512,207.61763000,3828542.81261180,0
1655613000000,18425.15000000,18621.57000000,18363.22000000,18532.83000000,973.54348000,1655613899999,18036705.93445720,17021,570.69216000,10572043.34561630,0
1655613900000,18532.84000000,18565.51000000,18433.64000000,18504.96000000,478.45507000,1655614799999,8849701.58680080,10118,219.74922000,4064680.07625550,0
1655614800000,18504.96000000,18543.47000000,18277.54000000,18280.15000000,1325.99067000,1655615699999,24414515.65143200,20717,582.69432000,10728694.53831430,0
1655615700000,18280.15000000,18373.40000000,17960.41000000,18120.87000000,3006.03227000,1655616599999,54450807.01201350,43362,1118.59501000,20275129.74463000,0
1655616600000,18120.86000000,18120.87000000,17986.06000000,18060.16000000,972.16653000,1655617499999,17557551.31274810,18627,448.22520000,8094574.86173280,0
1655617500000,18060.15000000,18182.83000000,18027.08000000,18126.08000000,818.93930000,1655618399999,14843264.56243590,15078,398.64483000,7225385.23073900,0
1655618400000,18126.08000000,18376.61000000,18053.13000000,18252.67000000,1684.80619000,1655619299999,30746869.75452280,23482,948.88545000,17321328.66183020,0
1655619300000,18252.67000000,18481.31000000,18236.34000000,18376.96000000,1185.73937000,1655620199999,21801253.76417430,21550,667.44260000,12269327.83472160,0
1655620200000,18376.96000000,18430.73000000,18270.92000000,18334.13000000,674.59385000,1655621099999,12375988.13750690,13304,298.78049000,5480962.54456240,0
1655621100000,18334.13000000,18343.24000000,18250.99000000,18256.55000000,764.64776000,1655621999999,13988697.90579760,12641,460.83376000,8430821.05935590,0
1655622000000,18256.54000000,18420.00000000,18245.00000000,18408.40000000,995.99692000,1655622899999,18260075.89392210,12796,653.57596000,11984005.95208370,0
1655622900000,18408.40000000,18546.00000000,18408.40000000,18473.61000000,1055.37669000,1655623799999,19496287.54043470,17453,584.94020000,10803964.93119380,0
1655623800000,18473.61000000,18500.00000000,18346.83000000,18376.58000000,807.25676000,1655624699999,14863991.78593220,13121,392.20545000,7222480.49125460,0
1655624700000,18376.57000000,18400.00000000,18287.94000000,18306.93000000,775.92067000,1655625599999,14221671.30652560,13234,310.56271000,5692579.45748170,0
1655625600000,18307.39000000,18384.50000000,18264.67000000,18310.00000000,737.11800000,1655626499999,13505739.76211090,11725,367.06522000,6725994.74407750,0
1655626500000,18310.00000000,18487.18000000,18305.15000000,18463.69000000,1039.37172000,1655627399999,19112890.21282760,13783,707.43128000,13008893.85722790,0
1655627400000,18463.69000000,18666.00000000,18463.68000000,18595.90000000,1582.50734000,1655628299999,29425024.05014510,21984,882.10723000,16401607.88847470,0
1655628300000,18595.89000000,18712.06000000,18534.79000000,18671.79000000,930.57156000,1655629199999,17323378.34731310,14033,476.56591000,8874937.44779870,0
1655629200000,18671.78000000,18747.72000000,18577.25000000,18734.50000000,1007.64875000,1655630099999,18796482.07988000,13337,487.40276000,9094156.83008880,0
1655630100000,18734.50000000,19019.00000000,18677.39000000,18932.91000000,2627.85520000,1655630999999,49627316.27699870,32003,1515.71832000,28622014.89779670,0
1655631000000,18932.91000000,19208.77000000,18902.59000000,19147.19000000,2704.58543000,1655631899999,51620434.70990320,35381,1547.51927000,29535324.61720910,0
1655631900000,19147.19000000,19314.91000000,18970.01000000,19006.11000000,1819.91619000,1655632799999,34835843.06974440,24794,1010.86083000,19365628.82585400,0
1655632800000,19006.11000000,19179.99000000,18898.74000000,19165.63000000,1784.29981000,1655633699999,33965605.88741200,22904,891.81907000,16984198.70769480,0
1655633700000,19165.64000000,19994.93000000,19122.60000000,19702.93000000,6875.44407000,1655634599999,135075733.25379020,84269,3934.32576000,77256317.44735220,0
1655634600000,19702.93000000,19876.28000000,19581.96000000,19665.98000000,2721.13830000,1655635499999,53647933.93785380,40391,1411.50741000,27831717.54104800,0
1655635500000,19665.97000000,20057.20000000,19537.32000000,19907.41000000,4572.42064000,1655636399999,90614648.40775210,45988,1982.07669000,39285247.06525140,0
1655636400000,19907.41000000,20150.00000000,19680.68000000,19742.73000000,2686.21389000,1655637299999,53302281.17374230,36522,1366.10277000,27122565.54476110,0
1655637300000,19742.73000000,19837.39000000,19644.66000000,19760.55000000,1186.31929000,1655638199999,23417311.75440040,20141,638.20680000,12599300.67362890,0
1655638200000,19760.54000000,19813.39000000,19573.30000000,19645.33000000,1077.74062000,1655639099999,21219758.24910010,17967,491.85317000,9686905.69188550,0
1655639100000,19645.33000000,19737.13000000,19595.98000000,19692.50000000,674.94390000,1655639999999,13278839.30613630,11778,379.06484000,7457844.83567270,0
1655640000000,19692.49000000,19791.98000000,19643.87000000,19767.77000000,962.75459000,1655640899999,18997945.91980220,14846,519.65783000,10253444.23830250,0
1655640900000,19767.77000000,19944.52000000,19333.00000000,19419.12000000,2721.17293000,1655641799999,53429891.47482980,32619,1396.39346000,27414737.18386130,0
1655641800000,19419.11000000,19545.69000000,19285.09000000,19384.29000000,2259.77337000,1655642699999,43864248.68730690,28059,1209.27305000,23464577.06250470,0
1655642700000,19384.29000000,19475.56000000,19284.50000000,19344.27000000,1570.91135000,1655643599999,30431759.51770360,20153,801.40062000,15525325.16741270,0
1655643600000,19344.26000000,19442.30000000,19330.00000000,19362.57000000,680.55995000,1655644499999,13199223.24544400,11996,348.40228000,6757005.15302620,0
1655644500000,19362.57000000,19550.00000000,19354.16000000,19521.79000000,741.76185000,1655645399999,14456582.24063880,12693,416.73593000,8122359.12249370,0
1655645400000,19521.79000000,19592.57000000,19434.34000000,19438.40000000,836.53786000,1655646299999,16319327.34229190,13662,389.15475000,7592809.21026690,0
1655646300000,19438.40000000,19467.38000000,19130.84000000,19185.87000000,1479.51353000,1655647199999,28541879.07209560,19893,614.10550000,11852666.81004730,0
1655647200000,19185.86000000,19341.44000000,19172.07000000,19209.66000000,1079.38029000,1655648099999,20796249.47764260,16977,521.34497000,10045790.41204910,0
1655648100000,19209.66000000,19397.03000000,19156.22000000,19368.88000000,707.77169000,1655648999999,13645032.14540000,13111,389.26016000,7505983.58139600,0
1655649000000,19368.88000000,19448.28000000,19359.58000000,19415.44000000,638.15249000,1655649899999,12384250.84926940,13042,344.95428000,6694137.00696480,0
1655649900000,19415.45000000,19514.14000000,19401.08000000,19472.24000000,627.54975000,1655650799999,12210246.21501320,12377,352.20766000,6853050.04982500,0
1655650800000,19472.24000000,19537.08000000,19352.39000000,19375.06000000,682.20532000,1655651699999,13267202.25075000,13159,307.48167000,5979725.18474370,0
1655651700000,19375.05000000,19449.99000000,19327.44000000,19420.09000000,610.10094000,1655652599999,11824222.68378330,12217,322.43573000,6248107.47515670,0
1655652600000,19420.09000000,19912.00000000,19420.08000000,19704.30000000,3868.81904000,1655653499999,76443607.37007050,45577,2326.12016000,45956914.66443790,0
1655653500000,19704.30000000,19945.88000000,19652.39000000,19824.97000000,1577.66535000,1655654399999,31244195.97512930,26669,885.81574000,17542799.62576680,0
1655654400000,19824.96000000,19872.18000000,19623.96000000,19650.94000000,1195.60779000,1655655299999,23598291.23743340,22179,546.53505000,10785785.99763140,0
1655655300000,19650.93000000,19695.18000000,19556.20000000,19625.16000000,818.16640000,1655656199999,16052018.62906170,16535,386.91473000,7591212.50055650,0
1655656200000,19625.16000000,19650.00000000,19527.70000000,19618.75000000,484.47453000,1655657099999,9492235.25159920,10748,229.65459000,4500726.10206360,0
1655657100000,19618.75000000,19721.49000000,19350.08000000,19520.84000000,1299.04005000,1655657999999,25333636.89569570,20195,606.35507000,11840919.02142500,0
1655658000000,19521.68000000,19597.64000000,19458.89000000,19487.43000000,500.32350000,1655658899999,9767280.16753320,10715,262.33369000,5121663.15012000,0
1655658900000,19487.44000000,19548.48000000,19407.52000000,19524.20000000,622.53882000,1655659799999,12131730.34121160,11706,342.72311000,6679194.17172660,0
1655659800000,19524.19000000,19576.19000000,19420.00000000,19514.98000000,420.02798000,1655660699999,8185240.77509670,9985,191.85667000,3740083.96637830,0
1655660700000,19514.98000000,19526.33000000,19388.82000000,19445.99000000,463.25110000,1655661599999,9009773.31344290,10243,227.20775000,4418926.20407780,0
1655661600000,19445.60000000,19626.65000000,19413.44000000,19592.32000000,598.55941000,1655662499999,11681976.89448420,12002,346.06965000,6754379.22704030,0
1655662500000,19592.31000000,19750.00000000,19564.62000000,19625.59000000,749.57598000,1655663399999,14736168.18852880,15784,406.54604000,7993110.79123850,0
1655663400000,19626.20000000,19661.00000000,19564.43000000,19592.60000000,450.52760000,1655664299999,8835824.24776220,9793,218.52517000,4286164.19202790,0
1655664300000,19592.61000000,20263.29000000,19561.35000000,20254.52000000,2872.90980000,1655665199999,57366052.76530820,40216,1748.13625000,34915992.31430830,0
1655665200000,20254.52000000,20344.91000000,19877.10000000,19949.07000000,3485.57505000,1655666099999,70102359.31850920,51960,1667.41758000,33548706.62919720,0
1655666100000,19949.08000000,20078.71000000,19840.93000000,20031.21000000,961.08457000,1655666999999,19180865.41591160,18460,501.23374000,10002227.62940550,0
1655667000000,20031.21000000,20269.12000000,19988.29000000,20198.49000000,1721.23608000,1655667899999,34679127.31865550,29774,921.01172000,18556168.71568100,0
1655667900000,20198.49000000,20299.00000000,20107.64000000,20124.08000000,1739.53527000,1655668799999,35118709.28565300,25264,887.75292000,17925754.74545170,0
1655668800000,20124.07000000,20385.00000000,20050.47000000,20185.79000000,1747.90414000,1655669699999,35362610.06461000,29081,955.73882000,19341302.77099630,0
1655669700000,20185.80000000,20347.10000000,20140.91000000,20343.44000000,1186.80371000,1655670599999,23989751.58600150,22048,648.13677000,13102454.08641100,0
1655670600000,20343.43000000,20716.25000000,20321.45000000,20491.90000000,3238.75866000,1655671499999,66470650.70633440,52943,1796.44063000,36874807.23247530,0
1655671500000,20491.89000000,20679.99000000,20458.82000000,20639.48000000,1576.69376000,1655672399999,32446441.97796690,28308,851.00029000,17513408.72926660,0
1655672400000,20639.48000000,20660.44000000,20380.27000000,20415.88000000,1121.44152000,1655673299999,22984724.47838590,21978,531.94728000,10903348.06595480,0
1655673300000,20415.88000000,20441.77000000,20295.32000000,20298.31000000,855.42600000,1655674199999,17439424.90406980,16060,380.27022000,7752998.33308180,0
1655674200000,20298.31000000,20496.25000000,20287.00000000,20403.52000000,493.00494000,1655675099999,10057667.11748820,12250,250.43986000,5110004.63028950,0
1655675100000,20403.52000000,20478.14000000,20322.87000000,20395.64000000,572.50979000,1655675999999,11680619.06597520,9865,225.80979000,4609042.83667570,0
1655676000000,20395.63000000,20540.00000000,20313.00000000,20540.00000000,779.16220000,1655676899999,15906942.93270740,13641,387.67516000,7916850.80549530,0
1655676900000,20538.53000000,20815.95000000,20500.66000000,20673.85000000,2083.08685000,1655677799999,43067211.89717830,28396,1122.55003000,23214876.60746290,0
1655677800000,20673.85000000,20723.87000000,20506.32000000,20566.74000000,1159.41580000,1655678699999,23849077.13143640,14555,603.16182000,12403582.08771030,0
1655678700000,20566.74000000,20747.56000000,20542.42000000,20695.22000000,1259.44097000,1655679599999,26005676.73412830,14997,622.47736000,12852436.17728010,0
1655679600000,20695.22000000,20713.77000000,20517.92000000,20534.39000000,645.11370000,1655680499999,13293841.53618950,9602,325.87068000,6716668.77821360,0
1655680500000,20534.39000000,20584.84000000,20451.40000000,20461.97000000,668.12704000,1655681399999,13694261.73727630,10632,324.22664000,6645149.12515190,0
1655681400000,20463.50000000,20530.23000000,20412.47000000,20425.79000000,603.36801000,1655682299999,12361430.59203750,8490,278.44005000,5704466.72864560,0
1655682300000,20425.79000000,20616.89000000,20425.79000000,20574.00000000,647.96863000,1655683199999,13308774.13963330,9774,368.47983000,7567581.71509030,0
1655683200000,20574.00000000,20687.99000000,20300.00000000,20328.34000000,1903.66592000,1655684099999,38981337.46952130,25479,835.17727000,17111162.50350780,0
1655684100000,20328.33000000,20412.08000000,20268.13000000,20328.34000000,1474.32449000,1655684999999,29999723.90634150,20340,724.06991000,14731939.39557260,0
1655685000000,20328.34000000,20367.33000000,20180.00000000,20207.82000000,1568.53403000,1655685899999,31748545.77314370,19279,717.09575000,14516652.55313870,0
1655685900000,20207.81000000,20255.00000000,20056.01000000,20060.39000000,1730.36337000,1655686799999,34874060.33441410,20450,695.46566000,14015379.57477990,0
1655686800000,20060.40000000,20161.19000000,19867.71000000,19882.30000000,1928.97863000,1655687699999,38623450.28365470,22123,871.83387000,17455278.29863120,0
1655687700000,19882.31000000,19920.00000000,19751.00000000,19843.13000000,1514.23317000,1655688599999,30024286.69472080,19948,768.24790000,15234877.63177780,0
1655688600000,19843.14000000,19858.07000000,19692.30000000,19717.12000000,1343.31168000,1655689499999,26569318.30908910,15140,625.32053000,12369630.29038260,0
1655689500000,19717.13000000,19825.00000000,19637.03000000,19795.52000000,1616.28235000,1655690399999,31895331.90925680,17816,889.50960000,17556066.27427420,0
1655690400000,19795.53000000,20117.77000000,19786.17000000,19980.83000000,1652.56756000,1655691299999,33018215.55761020,23571,893.72671000,17855092.63553870,0
1655691300000,19980.83000000,19997.34000000,19711.00000000,19724.59000000,1238.15670000,1655692199999,24598206.64289630,18765,523.77695000,10412473.20810430,0
1655692200000,19724.59000000,19895.57000000,19670.74000000,19884.46000000,1035.39145000,1655693099999,20483586.55874120,17283,525.61058000,10397940.66405320,0
1655693100000,19884.45000000,19961.09000000,19855.01000000,19946.18000000,610.61751000,1655693999999,12157890.09243880,11816,308.56544000,6143636.20202790,0
1655694000000,19946.17000000,20041.33000000,19854.68000000,19964.13000000,837.95689000,1655694899999,16721862.62285620,14903,439.19381000,8764531.07553330,0
1655694900000,19964.13000000,20086.00000000,19901.00000000,20068.36000000,789.94410000,1655695799999,15795711.93251540,12528,389.20891000,7784261.02238500,0
1655695800000,20068.35000000,20165.31000000,20022.10000000,20137.76000000,777.73954000,1655696699999,15621019.02708390,12458,416.44506000,8364411.67471660,0
1655696700000,20137.75000000,20197.28000000,19980.49000000,19980.49000000,1054.82165000,1655697599999,21165316.06789680,14508,542.07877000,10875722.78516950,0
1655697600000,19980.49000000,20035.71000000,19936.65000000,20007.90000000,426.45062000,1655698499999,8522223.26676190,8583,202.41576000,4044855.99338290,0
1655698500000,20007.90000000,20182.02000000,20000.63000000,20161.16000000,883.91723000,1655699399999,17763834.79776460,12029,503.39286000,10114585.28204410,0
1655699400000,20161.17000000,20169.85000000,20048.78000000,20048.79000000,456.61064000,1655700299999,9182897.27281770,8054,211.31610000,4249174.40516190,0
1655700300000,20048.78000000,20080.41000000,19813.30000000,19857.89000000,850.60492000,1655701199999,16956583.69421690,14684,375.83347000,7488661.39575280,0
1655701200000,19857.90000000,19969.99000000,19827.42000000,19908.15000000,629.43161000,1655702099999,12524708.26333240,11216,318.40205000,6335134.19294140,0
1655702100000,19908.14000000,19933.02000000,19776.58000000,19851.28000000,720.07021000,1655702999999,14282639.06423740,12389,352.01309000,6981680.51421490,0
1655703000000,19851.28000000,19956.87000000,19782.76000000,19913.75000000,751.30403000,1655703899999,14935075.49425830,12755,420.19222000,8351997.62104570,0
1655703900000,19913.74000000,20118.36000000,19871.16000000,20107.81000000,988.69620000,1655704799999,19800638.18834950,16870,518.99275000,10393556.12520920,0
1655704800000,20107.81000000,20162.18000000,20042.94000000,20162.17000000,647.40965000,1655705699999,13008501.20941140,12251,343.60598000,6904185.76211340,0
1655705700000,20162.18000000,20258.29000000,19951.80000000,19971.35000000,1192.96814000,1655706599999,23954145.67108050,17997,634.21970000,12740554.27952240,0
1655706600000,19971.34000000,20091.30000000,19925.00000000,20065.59000000,635.14976000,1655707499999,12717400.63413810,11404,313.53489000,6277722.63961210,0
1655707500000,20065.59000000,20149.99000000,20061.71000000,20140.04000000,725.06082000,1655708399999,14578876.97443680,11766,384.33593000,7727441.08402820,0
1655708400000,20140.05000000,20158.83000000,19981.35000000,20022.01000000,781.05917000,1655709299999,15669231.28724880,12911,359.26237000,7206093.69946300,0
1655709300000,20022.01000000,20027.15000000,19911.99000000,19948.15000000,744.62656000,1655710199999,14866010.71056020,11623,392.49587000,7836216.49819850,0
1655710200000,19948.15000000,20007.36000000,19876.01000000,19892.59000000,719.30366000,1655711099999,14341097.99143630,11697,319.87663000,6378133.58446800,0
1655711100000,19892.60000000,20091.14000000,19886.19000000,20086.63000000,671.23312000,1655711999999,13407805.39894660,11645,371.66035000,7422993.17370240,0
1655712000000,20086.62000000,20399.00000000,20023.14000000,20293.97000000,2100.12998000,1655712899999,42451461.28171670,25786,1225.61098000,24778596.24391340,0
1655712900000,20293.97000000,20498.57000000,20263.01000000,20447.26000000,2044.16193000,1655713799999,41684653.88018420,25333,1096.98437000,22373949.10437550,0
1655713800000,20447.26000000,20658.70000000,20381.94000000,20578.54000000,2343.30542000,1655714699999,48131003.83433870,28818,1201.86589000,24685431.54302220,0
1655714700000,20578.53000000,20629.19000000,20450.01000000,20568.22000000,1354.78677000,1655715599999,27818887.28790470,18406,697.31582000,14322366.79112390,0
1655715600000,20568.23000000,20716.12000000,20475.61000000,20675.42000000,2002.78095000,1655716499999,41245336.12007840,22882,1129.07708000,23262337.70286910,0
1655716500000,20675.42000000,20799.99000000,20587.48000000,20757.37000000,1471.42942000,1655717399999,30428668.59433510,20820,777.34445000,16077973.01668420,0
1655717400000,20757.37000000,21022.00000000,20668.00000000,20680.88000000,3240.42172000,1655718299999,67577495.39931080,38970,1776.83631000,37066470.52661300,0
1655718300000,20680.88000000,20732.54000000,20588.00000000,20652.36000000,1365.94102000,1655719199999,28208666.33870840,18153,594.89611000,12287685.38959380,0
1655719200000,20652.36000000,20672.21000000,20494.38000000,20494.49000000,1310.35313000,1655720099999,27007173.16769600,18330,589.02483000,12142683.50193140,0
1655720100000,20494.49000000,20564.72000000,20468.10000000,20536.60000000,1485.71853000,1655720999999,30486996.62809240,20477,663.33061000,13610273.21900570,0
1655721000000,20536.60000000,20909.93000000,20504.69000000,20780.09000000,1957.39607000,1655721899999,40510872.41720040,25058,1102.64658000,22833757.62903180,0
1655721900000,20780.09000000,20990.00000000,20682.00000000,20884.11000000,1975.06377000,1655722799999,41147427.78478810,28922,995.76796000,20749501.23463540,0
1655722800000,20884.10000000,20907.11000000,20742.34000000,20775.15000000,1076.33845000,1655723699999,22392857.36455130,17210,444.95965000,9257940.55444380,0
1655723700000,20775.14000000,20797.99000000,20677.57000000,20762.33000000,877.63154000,1655724599999,18201939.55354530,13998,397.42857000,8243031.84494980,0
1655724600000,20762.32000000,20900.65000000,20693.79000000,20885.51000000,1029.59920000,1655725499999,21410432.39176970,15375,547.86486000,11391519.88230040,0
1655725500000,20885.52000000,20962.65000000,20768.03000000,20801.79000000,1227.56398000,1655726399999,25595002.42076650,19761,598.96025000,12489352.37364330,0
1655726400000,20801.79000000,20820.00000000,20564.37000000,20640.00000000,1634.52402000,1655727299999,33766809.50036000,24676,641.88125000,13258474.75907560,0
1655727300000,20640.00000000,20705.14000000,20470.58000000,20498.25000000,1183.67819000,1655728199999,24373798.13721120,17691,537.32458000,11065403.14441840,0
1655728200000,20498.26000000,20552.40000000,20364.33000000,20443.19000000,1498.15731000,1655729099999,30617195.75607330,21610,646.32118000,13208726.76964200,0
1655729100000,20443.19000000,20586.09000000,20436.74000000,20555.68000000,960.77168000,1655729999999,19714098.65070670,14644,490.88342000,10071787.59966920,0
1655730000000,20555.67000000,20572.30000000,20422.34000000,20454.67000000,1192.32894000,1655730899999,24439219.67882660,15297,559.53780000,11467873.78698640,0
1655730900000,20454.67000000,20715.88000000,20445.51000000,20622.18000000,1907.76811000,1655731799999,39273306.92671650,20155,813.77624000,16750021.46849850,0
1655731800000,20622.18000000,20693.35000000,20477.31000000,20562.26000000,1256.78945000,1655732699999,25873654.51457490,20643,544.12773000,11198820.08271590,0
1655732700000,20562.26000000,20579.87000000,20385.15000000,20525.56000000,1125.09315000,1655733599999,23037089.61632590,19504,522.88312000,10705925.79056870,0
1655733600000,20525.55000000,20630.04000000,20509.99000000,20545.39000000,831.13250000,1655734499999,17099652.59736080,14607,450.66526000,9270981.96251040,0
1655734500000,20545.39000000,20660.22000000,20517.39000000,20634.91000000,754.18942000,1655735399999,15549567.68202320,13184,383.43206000,7904962.55660140,0
1655735400000,20634.91000000,20828.74000000,20611.12000000,20745.33000000,1252.21562000,1655736299999,25972345.09362790,18767,634.02866000,13149264.65908420,0
1655736300000,20745.32000000,20931.00000000,20735.50000000,20845.95000000,1404.10614000,1655737199999,29262639.64972510,20144,728.67434000,15186700.68645290,0
1655737200000,20845.94000000,21090.00000000,20676.47000000,20703.79000000,2446.45120000,1655738099999,51108630.80654460,30840,1383.57919000,28931984.05990980,0
1655738100000,20703.79000000,20749.02000000,20571.86000000,20681.53000000,1296.51379000,1655738999999,26795501.17993210,19770,539.90866000,11161342.42241960,0
1655739000000,20681.53000000,20792.83000000,20619.11000000,20721.64000000,1085.42234000,1655739899999,22475265.75932630,15484,562.33142000,11643709.14644680,0
1655739900000,20721.65000000,20854.27000000,20703.14000000,20824.74000000,711.77984000,1655740799999,14800052.97328000,12640,361.05999000,7507979.22275800,0
1655740800000,20824.74000000,20832.82000000,20555.55000000,20607.02000000,1143.23751000,1655741699999,23635208.07162500,18984,507.25785000,10484735.36319810,0
1655741700000,20607.02000000,20642.80000000,20457.95000000,20527.66000000,934.52211000,1655742599999,19192538.46911930,17929,426.61489000,8762365.81403290,0
1655742600000,20527.65000000,20575.82000000,20382.52000000,20394.71000000,883.41393000,1655743499999,18105757.05768720,14700,390.36945000,8003144.42959310,0
1655743500000,20394.72000000,20451.00000000,20206.11000000,20280.93000000,1357.45514000,1655744399999,27588481.06513730,24359,658.98729000,13392517.04214400,0
1655744400000,20280.93000000,20388.80000000,20135.71000000,20320.91000000,1379.02138000,1655745299999,27946991.84306080,21810,692.04088000,14026649.82703570,0
1655745300000,20320.91000000,20450.00000000,20283.26000000,20296.03000000,809.96689000,1655746199999,16506501.74577610,13581,439.18769000,8950729.26184670,0
1655746200000,20296.03000000,20362.42000000,20260.42000000,20354.36000000,747.11139000,1655747099999,15171813.82668500,16820,394.98605000,8020738.55725680,0
1655747100000,20354.35000000,20417.74000000,19967.01000000,19977.60000000,1807.21685000,1655747999999,36408380.13145640,28774,730.75752000,14725755.50900030,0
1655748000000,19977.59000000,20020.00000000,19832.95000000,19900.32000000,1666.54124000,1655748899999,33199199.63160490,29188,755.75298000,15059395.04514960,0
1655748900000,19900.32000000,20110.84000000,19860.45000000,20025.53000000,1078.54261000,1655749799999,21569164.21804420,17672,528.74728000,10575692.91275830,0
1655749800000,20025.53000000,20086.00000000,19955.16000000,20024.10000000,702.12977000,1655750699999,14053646.95966950,13053,318.87845000,6382726.40636270,0
1655750700000,20024.11000000,20066.64000000,19975.39000000,20046.43000000,538.76387000,1655751599999,10783435.39802590,9957,307.63170000,6157591.40608540,0
1655751600000,20046.44000000,20057.24000000,19886.27000000,20044.01000000,795.75913000,1655752499999,15890250.70874880,13054,371.55446000,7419904.79444760,0
1655752500000,20044.01000000,20159.99000000,19992.66000000,20023.30000000,954.94256000,1655753399999,19166569.31174590,17262,464.59689000,9326634.26701890,0
1655753400000,20023.30000000,20134.09000000,19946.98000000,20130.45000000,791.97516000,1655754299999,15875448.18770240,11102,474.98934000,9524238.09299030,0
1655754300000,20123.65000000,20200.00000000,20066.73000000,20072.81000000,962.52307000,1655755199999,19389571.37407270,13932,415.71572000,8375929.65210640,0
1655755200000,20072.80000000,20199.65000000,20001.53000000,20179.33000000,831.72998000,1655756099999,16705450.90262310,14864,408.04012000,8196129.77903350,0
1655756100000,20179.33000000,20261.83000000,20144.93000000,20242.76000000,614.42514000,1655756999999,12420548.68379040,12368,303.03593000,6125937.09443880,0
1655757000000,20242.76000000,20371.34000000,20215.05000000,20352.59000000,859.88905000,1655757899999,17460298.35638500,13367,407.05575000,8262411.93257220,0
1655757900000,20352.60000000,20529.74000000,20254.15000000,20455.54000000,1032.62304000,1655758799999,21080811.84656810,17527,531.78714000,10856067.95081120,0
1655758800000,20455.55000000,20547.81000000,20432.84000000,20499.00000000,766.80888000,1655759699999,15710164.19621800,13652,450.84530000,9237351.00866100,0
1655759700000,20498.97000000,20633.88000000,20471.09000000,20601.12000000,768.61017000,1655760599999,15799069.83396420,16914,406.81961000,8363891.52880660,0
1655760600000,20601.11000000,20601.12000000,20445.46000000,20484.09000000,465.37831000,1655761499999,9538426.43314770,12834,218.32475000,4472990.28944200,0
1655761500000,20484.09000000,20498.89000000,20320.13000000,20418.45000000,676.35273000,1655762399999,13795284.44001410,14713,377.28099000,7694331.34723540,0
1655762400000,20418.44000000,20439.92000000,20316.33000000,20319.25000000,744.45142000,1655763299999,15156055.20142290,12863,415.89204000,8466725.14988190,0
1655763300000,20319.26000000,20377.37000000,20251.59000000,20377.37000000,889.18893000,1655764199999,18061921.22804240,14610,448.74712000,9115477.80005030,0
1655764200000,20377.37000000,20484.16000000,20364.48000000,20479.87000000,816.80117000,1655765099999,16674568.64138100,11847,457.49630000,9338657.06187240,0
1655765100000,20479.88000000,20582.25000000,20439.81000000,20489.62000000,610.92347000,1655765999999,12539425.94394890,11703,308.57480000,6334110.97388990,0
1655766000000,20489.62000000,20526.29000000,20390.75000000,20443.03000000,481.77648000,1655766899999,9865592.14659800,8356,231.27859000,4736305.62573760,0
1655766900000,20443.03000000,20496.86000000,20378.22000000,20496.85000000,520.37301000,1655767799999,10634336.51886810,8119,259.07556000,5294315.62799000,0
1655767800000,20496.85000000,20784.77000000,20493.90000000,20699.76000000,1407.04537000,1655768699999,29075965.65909840,20662,753.87037000,15575288.77882030,0
1655768700000,20699.76000000,20727.31000000,20571.29000000,20573.89000000,685.11282000,1655769599999,14148267.62164070,10636,364.42599000,7526385.45373470,0
1655769600000,20573.90000000,20650.15000000,20537.57000000,20601.98000000,1248.93573000,1655770499999,25713951.36543040,16561,631.90248000,13008757.45645740,0
1655770500000,20601.98000000,20654.70000000,20460.10000000,20534.23000000,944.94125000,1655771399999,19400159.29770860,14050,495.02577000,10162529.49406440,0
1655771400000,20534.23000000,20548.27000000,20396.77000000,20452.58000000,796.16626000,1655772299999,16291885.11541740,12396,378.73726000,7749015.39902400,0
1655772300000,20452.58000000,20705.74000000,20452.57000000,20672.30000000,1245.73068000,1655773199999,25686951.74392560,16786,705.67166000,14550098.79614700,0
1655773200000,20672.30000000,20782.05000000,20610.80000000,20726.56000000,1460.89091000,1655774099999,30231642.13429530,16854,656.12583000,13576406.56815600,0
1655774100000,20726.56000000,20783.99000000,20566.40000000,20569.90000000,1003.86514000,1655774999999,20736942.94880820,13038,429.06148000,8864478.39207360,0
1655775000000,20569.91000000,20596.94000000,20504.89000000,20526.84000000,679.16965000,1655775899999,13958823.11711370,11002,340.63738000,7000993.81560370,0
1655775900000,20526.83000000,20708.44000000,20507.50000000,20670.88000000,748.98842000,1655776799999,15446163.42300040,10446,406.26424000,8378969.02235670,0
1655776800000,20670.87000000,20699.93000000,20474.39000000,20500.01000000,718.52584000,1655777699999,14773013.92684140,11796,353.81628000,7273362.25537070,0
1655777700000,20500.00000000,20582.00000000,20459.14000000,20496.24000000,623.56051000,1655778599999,12789197.83183380,9467,284.62533000,5836744.50868510,0
1655778600000,20496.24000000,20571.15000000,20348.40000000,20403.66000000,1002.36710000,1655779499999,20499698.99335740,13853,499.64227000,10217769.31444800,0
1655779500000,20403.66000000,20465.26000000,20389.53000000,20433.49000000,532.43583000,1655780399999,10877818.69587870,8144,283.33410000,5789057.86818750,0
1655780400000,20433.49000000,20549.45000000,20365.00000000,20522.04000000,846.15157000,1655781299999,17312065.66718600,12358,454.41790000,9296391.32528550,0
1655781300000,20522.04000000,20557.24000000,20423.13000000,20434.32000000,636.26067000,1655782199999,13037797.93474760,10562,267.12124000,5473225.09263970,0
1655782200000,20434.32000000,20554.56000000,20386.82000000,20548.08000000,1000.93553000,1655783099999,20462512.83772950,11253,579.14529000,11836453.45788490,0
1655783100000,20548.09000000,20665.26000000,20523.79000000,20614.04000000,823.42241000,1655783999999,16965847.41357540,11716,437.20668000,9007312.31694790,0
1655784000000,20614.04000000,20740.72000000,20518.47000000,20543.24000000,993.29330000,1655784899999,20484802.90942370,14103,500.46335000,10326118.67288140,0
1655784900000,20543.23000000,20592.42000000,20501.65000000,20542.74000000,634.96443000,1655785799999,13043563.69885490,10812,270.69294000,5559928.66955680,0
1655785800000,20542.74000000,20560.26000000,20474.41000000,20528.24000000,506.07479000,1655786699999,10380104.09538850,8931,244.61157000,5016757.27283040,0
1655786700000,20529.08000000,20707.41000000,20500.02000000,20656.17000000,791.00290000,1655787599999,16323464.88531470,12015,444.09119000,9165626.78724040,0
1655787600000,20656.17000000,20757.49000000,20621.14000000,20704.17000000,787.89897000,1655788499999,16289357.86917260,12222,417.55812000,8633306.40166170,0
1655788500000,20704.18000000,20876.00000000,20668.55000000,20764.05000000,1742.60643000,1655789399999,36211384.67453240,21819,970.03735000,20163165.24873450,0
1655789400000,20763.06000000,21000.00000000,20735.00000000,20899.00000000,2507.31094000,1655790299999,52414166.94735820,28165,1289.51238000,26961958.03800850,0
1655790300000,20899.00000000,21029.93000000,20828.79000000,20890.77000000,1478.83977000,1655791199999,30941734.76759080,20741,770.34069000,16122525.11896550,0
1655791200000,20890.77000000,21202.00000000,20890.77000000,21146.50000000,2680.96274000,1655792099999,56504162.74517680,36357,1498.93988000,31594532.55999850,0
1655792100000,21146.49000000,21185.00000000,21028.21000000,21089.40000000,1699.19155000,1655792999999,35853100.35186770,24010,832.54479000,17568489.84993080,0
1655793000000,21089.40000000,21173.01000000,21042.56000000,21148.27000000,934.98976000,1655793899999,19723597.06031790,15636,489.21609000,10319378.45115100,0
1655793900000,21148.27000000,21199.70000000,21078.11000000,21192.08000000,799.37257000,1655794799999,16892534.05886260,13747,418.27948000,8839134.08861730,0
1655794800000,21192.08000000,21333.00000000,21053.31000000,21098.82000000,1704.07724000,1655795699999,36048644.18725040,27008,928.13257000,19641955.93609970,0
1655795700000,21098.82000000,21138.33000000,20952.46000000,21112.00000000,1612.21592000,1655796599999,33937795.48475450,20427,727.88829000,15322028.99015420,0
1655796600000,21111.99000000,21229.79000000,21075.39000000,21181.75000000,1297.87951000,1655797499999,27489565.30677730,18422,672.32652000,14238912.83941040,0
1655797500000,21181.75000000,21197.00000000,21036.57000000,21120.28000000,819.22995000,1655798399999,17310051.13867810,13328,407.43854000,8608256.40785880,0
1655798400000,21120.28000000,21280.00000000,21051.25000000,21189.99000000,1318.99807000,1655799299999,27941562.61060610,17752,666.58405000,14122539.21059430,0
1655799300000,21190.00000000,21253.19000000,21112.00000000,21177.32000000,849.86574000,1655800199999,18002317.26712540,13656,432.92102000,9171653.34575090,0
1655800200000,21177.32000000,21432.97000000,21158.97000000,21321.32000000,2404.60164000,1655801099999,51293829.23215110,29207,1135.60477000,24216998.24816320,0
1655801100000,21321.33000000,21500.01000000,21250.00000000,21356.32000000,1667.90256000,1655801999999,35646769.93356700,20912,982.00947000,20996635.11970730,0
1655802000000,21356.32000000,21470.00000000,21300.00000000,21325.13000000,1488.95117000,1655802899999,31818665.70849370,20863,690.02628000,14746539.60514560,0
1655802900000,21325.14000000,21346.99000000,21176.01000000,21205.99000000,1912.13201000,1655803799999,40643304.79508450,20897,831.91119000,17671076.30848790,0
1655803800000,21205.98000000,21264.88000000,21166.94000000,21170.61000000,781.43793000,1655804699999,16584492.53274650,11299,350.43877000,7437950.78203210,0
1655804700000,21170.61000000,21239.30000000,21167.71000000,21200.00000000,779.05385000,1655805599999,16517345.37061720,11403,397.68419000,8431237.47086570,0
1655805600000,21200.01000000,21229.13000000,21123.23000000,21167.81000000,1041.94558000,1655806499999,22050349.03110010,11786,500.53130000,10593174.12254640,0
1655806500000,21167.82000000,21214.26000000,21061.54000000,21208.03000000,1278.54113000,1655807399999,27029483.04164460,16438,671.08369000,14189340.64085310,0
1655807400000,21208.04000000,21307.83000000,21170.73000000,21259.74000000,988.13669000,1655808299999,20999434.87750580,15572,594.31620000,12629898.04975620,0
1655808300000,21259.75000000,21305.00000000,21221.25000000,21299.27000000,673.85238000,1655809199999,14336541.10186650,11289,258.76367000,5504689.31419020,0
1655809200000,21299.02000000,21361.03000000,21194.11000000,21285.98000000,1001.82412000,1655810099999,21327716.46491890,13889,534.37633000,11377023.53610940,0
1655810100000,21285.98000000,21300.00000000,21125.46000000,21134.91000000,707.84724000,1655810999999,15001303.66562640,12035,289.98652000,6147574.05983310,0
1655811000000,21134.91000000,21160.19000000,21023.51000000,21029.07000000,1477.80743000,1655811899999,31167125.10723880,17468,639.95707000,13496251.19695400,0
1655811900000,21029.06000000,21068.81000000,20911.13000000,20962.42000000,1497.94645000,1655812799999,31436129.67978030,21973,693.07524000,14541572.59687650,0
1655812800000,20962.42000000,20998.97000000,20853.36000000,20988.57000000,1600.50969000,1655813699999,33474524.88528620,20070,854.14065000,17862296.05186720,0
1655813700000,20988.57000000,21092.97000000,20884.04000000,20949.33000000,1600.07720000,1655814599999,33618844.69110460,20603,695.97704000,14622614.71164490,0
1655814600000,20949.32000000,21096.92000000,20940.00000000,21031.63000000,1155.75848000,1655815499999,24306532.22110930,13972,632.33839000,13299856.69283760,0
1655815500000,21031.64000000,21163.24000000,21003.20000000,21106.20000000,1239.91766000,1655816399999,26176540.10633860,16171,489.35785000,10327700.33973790,0
1655816400000,21106.19000000,21138.58000000,20995.64000000,21095.06000000,800.22649000,1655817299999,16853206.01474110,12557,372.61267000,7847891.45921460,0
1655817300000,21095.06000000,21188.03000000,21014.38000000,21150.01000000,951.50295000,1655818199999,20109902.31356740,15136,497.31910000,10508125.45983600,0
1655818200000,21150.01000000,21599.00000000,21116.99000000,21537.40000000,3763.54678000,1655819099999,80456565.05867560,46580,2130.55909000,45547008.76744830,0
1655819100000,21537.39000000,21650.00000000,21373.68000000,21619.31000000,3152.31458000,1655819999999,67862931.80778560,40968,1604.61309000,34561811.92828800,0
1655820000000,21619.31000000,21671.21000000,21427.82000000,21496.22000000,2104.06215000,1655820899999,45325890.85704500,31567,1103.34299000,23767514.17707440,0
1655820900000,21496.22000000,21554.31000000,21436.35000000,21519.32000000,1130.30079000,1655821799999,24308961.66247040,17810,548.09998000,11787597.82404960,0
1655821800000,21519.33000000,21650.00000000,21513.81000000,21565.82000000,1300.83982000,1655822699999,28087071.98326510,20352,654.82645000,14138528.43039110,0
1655822700000,21565.82000000,21723.00000000,21538.92000000,21590.79000000,1759.82153000,1655823599999,38060831.32720900,25314,907.12348000,19623129.12124510,0
1655823600000,21590.79000000,21604.27000000,21476.05000000,21517.25000000,1054.19938000,1655824499999,22687369.78742260,18843,507.73765000,10924489.67748150,0
1655824500000,21517.24000000,21573.37000000,21464.87000000,21532.51000000,876.08567000,1655825399999,18844967.32013990,14786,436.47755000,9388463.51038720,0
1655825400000,21532.51000000,21590.24000000,21339.07000000,21399.99000000,1100.13700000,1655826299999,23584121.43515210,20057,482.53156000,10346545.06017980,0
1655826300000,21399.98000000,21473.79000000,21372.43000000,21392.19000000,779.12417000,1655827199999,16688003.34190810,13934,387.16381000,8292396.88068160,0
1655827200000,21392.18000000,21436.09000000,21355.77000000,21410.00000000,546.43282000,1655828099999,11688970.89905600,11572,262.39491000,5613168.40225070,0
1655828100000,21410.00000000,21505.96000000,21410.00000000,21486.72000000,555.55383000,1655828999999,11923365.41355780,12029,282.44983000,6062299.73683650,0
1655829000000,21486.72000000,21550.39000000,21440.00000000,21479.74000000,706.19810000,1655829899999,15182818.72622950,12093,353.63936000,7603045.46171140,0
1655829900000,21479.75000000,21504.01000000,21374.52000000,21401.52000000,613.96310000,1655830799999,13144135.75651410,12025,244.22751000,5227788.78198750,0
1655830800000,21401.52000000,21435.56000000,21332.30000000,21393.62000000,787.98032000,1655831699999,16845236.19528320,12721,339.24013000,7252402.34104540,0
1655831700000,21393.63000000,21433.06000000,21360.73000000,21411.10000000,458.07067000,1655832599999,9803777.87692530,8472,216.27871000,4628704.52560280,0
1655832600000,21411.10000000,21457.82000000,21195.70000000,21271.62000000,1071.46388000,1655833499999,22803709.96544740,17855,445.51577000,9479050.99057250,0
1655833500000,21271.63000000,21427.68000000,21200.00000000,21242.94000000,1438.31432000,1655834399999,30573949.04588790,15773,736.40599000,15661711.58363460,0
1655834400000,21242.93000000,21256.99000000,21166.02000000,21174.84000000,823.26872000,1655835299999,17449573.15862370,14863,402.86586000,8538531.45426590,0
1655835300000,21174.83000000,21224.16000000,21137.55000000,21222.46000000,755.46125000,1655836199999,15999412.03856090,14443,398.37046000,8436585.18302860,0
1655836200000,21222.46000000,21248.51000000,21125.00000000,21164.69000000,628.88367000,1655837099999,13315571.05595360,11061,260.66462000,5520249.98566150,0
1655837100000,21164.68000000,21194.03000000,21076.48000000,21100.01000000,612.79311000,1655837999999,12954513.46355750,11745,277.87321000,5875508.10349320,0
1655838000000,21100.00000000,21170.00000000,21082.58000000,21154.93000000,580.92337000,1655838899999,12278021.30970250,10271,262.88278000,5555576.53508100,0
1655838900000,21154.92000000,21226.33000000,21137.41000000,21172.80000000,453.57091000,1655839799999,9604750.13612890,8976,252.26476000,5341899.99286540,0
1655839800000,21172.81000000,21306.51000000,21149.04000000,21201.91000000,961.51836000,1655840699999,20405434.91331050,13905,507.27972000,10764835.28653300,0
1655840700000,21201.92000000,21204.27000000,20870.01000000,20888.64000000,2019.32264000,1655841599999,42355487.80162190,27996,938.96939000,19697161.71039780,0
1655841600000,20888.63000000,20987.38000000,20703.78000000,20714.30000000,1647.06997000,1655842499999,34341250.19398360,23796,739.98108000,15431639.18149180,0
1655842500000,20714.30000000,20862.53000000,20666.00000000,20829.89000000,1282.11384000,1655843399999,26618677.79257490,19249,681.23429000,14145544.33296080,0
1655843400000,20829.90000000,20977.74000000,20798.05000000,20945.59000000,834.88085000,1655844299999,17451349.88357420,13514,451.29038000,9433632.49571920,0
1655844300000,20945.60000000,20945.60000000,20829.46000000,20859.86000000,678.81130000,1655845199999,14162990.86661340,10969,325.78754000,6796847.91395520,0
1655845200000,20859.86000000,20955.63000000,20852.43000000,20955.63000000,441.81791000,1655846099999,9234320.04801020,7908,250.57578000,5236915.37288260,0
1655846100000,20955.42000000,20959.16000000,20875.24000000,20915.68000000,477.24639000,1655846999999,9982432.58454140,7334,242.62867000,5073778.16971220,0
1655847000000,20915.69000000,20950.22000000,20808.00000000,20813.94000000,268.44386000,1655847899999,5608090.93056660,7630,114.56676000,2394477.12167920,0
1655847900000,20813.93000000,21054.99000000,20813.93000000,20972.91000000,626.05420000,1655848799999,13111909.68536300,11752,334.09646000,6997376.99519570,0
1655848800000,20972.91000000,21003.70000000,20786.73000000,20793.16000000,710.79985000,1655849699999,14847745.97083860,12549,330.75898000,6909422.71057920,0
1655849700000,20793.15000000,20826.65000000,20741.03000000,20772.40000000,822.91100000,1655850599999,17098487.69627640,10463,403.12395000,8374628.40660510,0
1655850600000,20772.40000000,20860.06000000,20754.97000000,20848.68000000,564.37167000,1655851499999,11741655.15110900,8162,348.12585000,7242280.10299540,0
1655851500000,20848.56000000,20929.05000000,20772.05000000,20897.00000000,847.53398000,1655852399999,17665829.37320710,10818,485.75111000,10126748.94952910,0
1655852400000,20897.00000000,20929.46000000,20880.01000000,20900.10000000,327.82836000,1655853299999,6851388.05969810,6526,182.95008000,3823295.69853180,0
1655853300000,20900.10000000,20943.17000000,20551.00000000,20583.69000000,1178.79628000,1655854199999,24382921.57663060,17263,552.66023000,11428536.71563050,0
1655854200000,20583.69000000,20687.73000000,20553.45000000,20664.32000000,597.23765000,1655855099999,12333058.65290190,10037,252.11970000,5205374.17200920,0
1655855100000,20664.33000000,20762.20000000,20635.10000000,20723.52000000,509.91212000,1655855999999,10560163.25957020,8367,258.06174000,5343514.59175560,0
1655856000000,20723.51000000,20735.66000000,20456.00000000,20534.78000000,1530.79082000,1655856899999,31495318.75763360,21168,700.95754000,14422006.29066790,0
1655856900000,20534.77000000,20656.58000000,20421.38000000,20649.17000000,1175.43326000,1655857799999,24135951.25633240,15157,527.77952000,10847435.14056380,0
1655857800000,20649.17000000,20736.68000000,20642.00000000,20694.57000000,674.15305000,1655858699999,13954513.53772920,10391,319.12802000,6605240.53056650,0
1655858700000,20694.57000000,20694.58000000,20526.68000000,20587.01000000,815.47687000,1655859599999,16803240.37241410,12111,363.94592000,7498563.08122580,0
1655859600000,20587.01000000,20680.84000000,20502.81000000,20640.65000000,890.85760000,1655860499999,18349516.57528570,13790,486.92086000,10030537.70217210,0
1655860500000,20640.64000000,20694.73000000,20580.02000000,20610.06000000,512.96220000,1655861399999,10596210.48545120,9376,221.60183000,4576931.98829370,0
1655861400000,20610.05000000,20719.21000000,20564.14000000,20569.35000000,637.75188000,1655862299999,13179812.65301040,10868,316.15349000,6534057.85193080,0
1655862300000,20569.35000000,20580.00000000,20388.01000000,20411.24000000,1230.34421000,1655863199999,25198108.88248670,19061,501.36894000,10264792.79724260,0
1655863200000,20411.23000000,20469.92000000,20330.00000000,20366.99000000,1269.75206000,1655864099999,25889704.50686890,18677,565.64088000,11534558.31557660,0
1655864100000,20366.98000000,20475.22000000,20345.20000000,20460.22000000,699.74496000,1655864999999,14281670.42266410,12429,352.30872000,7189812.29517460,0
1655865000000,20460.22000000,20506.45000000,20436.00000000,20472.69000000,823.19035000,1655865899999,16858086.56458840,11380,393.61867000,8060521.68429500,0
1655865900000,20472.69000000,20526.67000000,20428.57000000,20466.47000000,795.63664000,1655866799999,16298171.80306160,10668,339.06864000,6943992.87296220,0
1655866800000,20466.47000000,20567.60000000,20449.74000000,20506.49000000,685.51320000,1655867699999,14059474.64000930,10476,326.45977000,6694573.68664490,0
1655867700000,20506.50000000,20540.40000000,20451.02000000,20466.78000000,605.16606000,1655868599999,12401421.89296090,9303,253.59651000,5196859.38215050,0
1655868600000,20466.78000000,20492.37000000,20346.88000000,20395.93000000,675.91894000,1655869499999,13809120.05808310,10944,266.60368000,5446327.07727150,0
1655869500000,20395.94000000,20399.50000000,20253.96000000,20317.88000000,956.62702000,1655870399999,19429451.96604070,15197,416.93742000,8467233.26574590,0
1655870400000,20317.89000000,20422.60000000,20280.12000000,20403.51000000,530.15264000,1655871299999,10792938.93763680,9961,292.71403000,5959387.84603300,0
1655871300000,20403.52000000,20418.21000000,20342.69000000,20365.98000000,744.88228000,1655872199999,15180392.46914700,9982,340.94588000,6947564.93865210,0
1655872200000,20365.99000000,20421.67000000,20275.34000000,20375.90000000,577.33614000,1655873099999,11743025.35823340,9748,277.10671000,5635143.13551570,0
1655873100000,20375.90000000,20469.50000000,20360.00000000,20435.08000000,523.62736000,1655873999999,10700471.18021370,9185,296.67485000,6062129.12478560,0
1655874000000,20435.08000000,20560.30000000,20430.24000000,20462.10000000,861.70531000,1655874899999,17657302.89366000,15169,521.17538000,10678400.02596900,0
1655874900000,20462.09000000,20563.13000000,20455.89000000,20526.13000000,534.63738000,1655875799999,10970662.33672080,11706,255.55015000,5242805.82858950,0
1655875800000,20526.13000000,20595.42000000,20463.10000000,20477.21000000,682.54223000,1655876699999,14005646.35934670,11030,313.20843000,6428357.30855690,0
1655876700000,20477.22000000,20497.00000000,20364.74000000,20368.76000000,661.27825000,1655877599999,13510275.47972970,10177,315.81399000,6452872.83922290,0
1655877600000,20368.77000000,20450.99000000,20322.65000000,20359.91000000,627.31818000,1655878499999,12793912.60626210,10754,359.71605000,7336142.72654970,0
1655878500000,20359.92000000,20367.08000000,20005.76000000,20020.00000000,2363.81085000,1655879399999,47613574.56592020,31965,979.63079000,19723887.40504460,0
1655879400000,20020.00000000,20131.82000000,19950.34000000,20082.43000000,1734.35953000,1655880299999,34765138.18970900,20910,783.25286000,15705849.94291880,0
1655880300000,20082.44000000,20187.84000000,20074.35000000,20112.97000000,679.87083000,1655881199999,13684146.16658080,11526,359.96411000,7244358.72414530,0
1655881200000,20112.97000000,20199.36000000,19966.62000000,20177.29000000,1359.56786000,1655882099999,27293740.14666400,18229,659.08419000,13235695.56330670,0
1655882100000,20177.29000000,20249.71000000,20117.57000000,20204.89000000,957.35977000,1655882999999,19327335.64157420,14148,455.52431000,9196544.29270430,0
1655883000000,20204.89000000,20244.50000000,20137.77000000,20138.72000000,625.89886000,1655883899999,12646148.35718800,9475,288.07128000,5820900.19904220,0
1655883900000,20138.71000000,20201.67000000,20056.30000000,20099.62000000,668.02386000,1655884799999,13438173.57004640,12451,327.60040000,6589881.68602880,0
1655884800000,20099.62000000,20250.00000000,20038.85000000,20214.27000000,738.78308000,1655885699999,14889635.37952980,12440,403.51461000,8136581.34200270,0
1655885700000,20214.27000000,20242.85000000,20172.68000000,20206.48000000,511.84353000,1655886599999,10345448.56300120,8415,277.06955000,5600108.07972150,0
1655886600000,20206.49000000,20225.96000000,20121.21000000,20136.49000000,471.41513000,1655887499999,9510969.38660850,9407,217.41740000,4386402.72490530,0
1655887500000,20136.48000000,20257.00000000,20100.01000000,20235.07000000,512.11582000,1655888399999,10341851.14566790,9142,280.35336000,5661752.23267490,0
1655888400000,20235.06000000,20362.00000000,20232.29000000,20280.51000000,1022.18470000,1655889299999,20743443.81194450,16750,551.07699000,11183491.91452870,0
1655889300000,20280.51000000,20339.47000000,20250.00000000,20269.22000000,880.69940000,1655890199999,17856840.92576180,10673,389.30654000,7895050.25447150,0
1655890200000,20269.23000000,20499.90000000,20262.58000000,20386.27000000,1342.84870000,1655891099999,27402276.94113560,18037,701.42873000,14313660.10160280,0
1655891100000,20386.27000000,20477.83000000,20378.47000000,20428.56000000,790.18414000,1655891999999,16143763.61548140,11825,408.18235000,8340015.27881830,0
1655892000000,20428.57000000,20550.00000000,20403.13000000,20409.94000000,816.57894000,1655892899999,16706438.38127610,13011,431.53559000,8829340.74728190,0
1655892900000,20409.95000000,20436.62000000,20357.14000000,20421.93000000,841.86557000,1655893799999,17176803.04615100,9911,265.13612000,5409253.68245100,0
1655893800000,20421.93000000,20497.23000000,20375.23000000,20403.00000000,657.61600000,1655894699999,13442611.63492230,9639,341.93551000,6990928.18505300,0
1655894700000,20403.00000000,20475.71000000,20373.11000000,20419.23000000,581.38106000,1655895599999,11875567.54860590,8855,323.72550000,6612197.04385010,0
1655895600000,20419.24000000,20495.00000000,20399.01000000,20479.57000000,585.28079000,1655896499999,11964771.90849110,8905,336.05555000,6869272.41616590,0
1655896500000,20480.68000000,20676.70000000,20461.50000000,20600.72000000,976.21465000,1655897399999,20058736.93942560,14660,575.53659000,11829029.21295550,0
1655897400000,20600.73000000,20642.85000000,20550.36000000,20629.34000000,765.40629000,1655898299999,15761507.75846870,11524,408.32219000,8408233.92008250,0
1655898300000,20629.34000000,20636.02000000,20482.39000000,20506.30000000,720.72766000,1655899199999,14807544.13729760,10270,267.41922000,5494055.71647200,0
1655899200000,20506.30000000,20511.01000000,20434.97000000,20458.84000000,495.33937000,1655900099999,10141955.58190760,9571,250.24239000,5123048.96377820,0
1655900100000,20458.83000000,20491.00000000,20382.10000000,20487.52000000,577.76183000,1655900999999,11813178.82054120,10133,287.56138000,5879525.60444760,0
1655901000000,20487.53000000,20573.37000000,20246.98000000,20288.84000000,1216.25140000,1655901899999,24829202.48382900,18488,551.75772000,11260729.77277530,0
1655901900000,20288.84000000,20392.14000000,20106.06000000,20365.50000000,1815.76490000,1655902799999,36712650.41965280,23690,808.32366000,16348782.33623090,0
1655902800000,20365.49000000,20455.00000000,20235.08000000,20350.11000000,969.04594000,1655903699999,19707757.55326800,17299,471.42972000,9587241.32516200,0
1655903700000,20350.11000000,20547.00000000,20273.49000000,20542.54000000,1605.20863000,1655904599999,32765756.60524790,21252,768.35208000,15698499.84312650,0
1655904600000,20542.55000000,20561.82000000,20425.33000000,20546.57000000,1476.01736000,1655905499999,30257775.12700540,22641,781.56621000,16020027.14091200,0
1655905500000,20546.57000000,20772.61000000,20476.30000000,20723.95000000,2408.17386000,1655906399999,49720496.42622900,31589,1352.47804000,27922478.57395220,0
1655906400000,20723.95000000,20795.57000000,20642.81000000,20750.50000000,1471.04583000,1655907299999,30472125.66812950,22412,725.43556000,15024455.71122350,0
1655907300000,20750.51000000,20900.00000000,20700.26000000,20800.77000000,1780.46234000,1655908199999,37037367.90381890,23911,1014.97400000,21110665.39815210,0
1655908200000,20800.77000000,20898.99000000,20735.40000000,20769.35000000,1443.46317000,1655909099999,30054621.21027560,21127,748.02275000,15575821.94441130,0
1655909100000,20769.35000000,20780.00000000,20640.00000000,20693.98000000,1202.91440000,1655909999999,24898615.54121510,18518,539.87544000,11171390.87321330,0
1655910000000,20693.98000000,20702.79000000,20501.46000000,20510.31000000,1404.24852000,1655910899999,28891674.87940240,22136,664.33137000,13668602.54339410,0
1655910900000,20510.31000000,20576.98000000,20434.34000000,20462.11000000,972.20010000,1655911799999,19946887.64578970,14316,425.54473000,8732091.00809560,0
1655911800000,20462.11000000,20570.16000000,20258.09000000,20314.98000000,1384.10920000,1655912699999,28270916.79272620,19920,602.50678000,12307003.63278910,0
1655912700000,20314.99000000,20356.15000000,20035.54000000,20080.10000000,3546.82571000,1655913599999,71594504.29309950,41407,1827.47684000,36888847.05960030,0
1655913600000,20080.85000000,20183.15000000,19840.86000000,20030.48000000,3608.63249000,1655914499999,72147925.67380130,48373,1601.78247000,32033003.90575100,0
1655914500000,20030.47000000,20251.60000000,20000.74000000,20138.11000000,1812.47532000,1655915399999,36517740.61383280,28324,972.68159000,19598654.27658440,0
1655915400000,20138.11000000,20229.48000000,20113.66000000,20184.66000000,843.74249000,1655916299999,17020020.68571250,14726,423.07553000,8533990.00325710,0
1655916300000,20184.65000000,20345.76000000,20136.91000000,20322.73000000,1141.99945000,1655917199999,23089745.60162380,17792,655.63326000,13258716.74231150,0
1655917200000,20322.72000000,20325.04000000,20200.00000000,20268.22000000,949.17906000,1655918099999,19219031.70120710,16190,437.26930000,8852758.49456480,0
1655918100000,20268.21000000,20380.00000000,20244.69000000,20320.57000000,850.46661000,1655918999999,17281920.88090730,14687,443.36198000,9009204.13661890,0
1655919000000,20320.56000000,20325.20000000,20150.00000000,20214.28000000,752.78187000,1655919899999,15234001.97656600,12332,345.25218000,6986059.44619600,0
1655919900000,20214.28000000,20366.63000000,20197.45000000,20267.42000000,842.91090000,1655920799999,17091381.19416570,13532,439.60652000,8912423.47586910,0
1655920800000,20267.43000000,20350.00000000,20224.26000000,20344.90000000,585.50262000,1655921699999,11877044.72955410,11115,305.80798000,6203335.83554970,0
1655921700000,20344.91000000,20378.47000000,20239.07000000,20245.16000000,601.18357000,1655922599999,12213872.20399750,10993,272.97936000,5545243.52791530,0
1655922600000,20245.15000000,20323.21000000,20226.32000000,20297.82000000,526.37905000,1655923499999,10671851.46776930,9636,257.89366000,5228181.83326130,0
1655923500000,20297.81000000,20316.40000000,20200.00000000,20218.15000000,571.74175000,1655924399999,11573690.95757780,9900,263.16170000,5327410.93273880,0
1655924400000,20218.15000000,20266.32000000,20122.70000000,20187.76000000,746.33438000,1655925299999,15065258.54399220,12528,308.11076000,6219678.66358340,0
1655925300000,20188.07000000,20196.55000000,20089.00000000,20112.67000000,573.65860000,1655926199999,11555633.69658860,10652,240.28314000,4840405.02087820,0
1655926200000,20112.68000000,20140.01000000,19948.00000000,20026.47000000,1091.58874000,1655927099999,21866054.33286310,16720,506.81428000,10151974.69252140,0
1655927100000,20026.47000000,20153.39000000,19913.00000000,20117.34000000,857.79683000,1655927999999,17188230.65671960,15468,478.46734000,9587260.08910610,0
1655928000000,20117.34000000,20239.87000000,19986.31000000,20203.59000000,1152.44135000,1655928899999,23167852.39796710,16924,668.11264000,13435150.23364620,0
1655928900000,20203.59000000,20239.57000000,20133.20000000,20133.21000000,430.25544000,1655929799999,8682561.75032200,8584,193.49195000,3904127.93361620,0
1655929800000,20133.20000000,20133.21000000,19770.51000000,19851.90000000,2031.10889000,1655930699999,40380268.90369640,28201,850.89327000,16914895.13540120,0
1655930700000,19851.90000000,20049.99000000,19781.68000000,19879.97000000,1151.74484000,1655931599999,22974690.53648650,19497,599.24233000,11954198.41935060,0
1655931600000,19879.98000000,19991.50000000,19868.92000000,19941.13000000,801.61588000,1655932499999,15961846.53138720,11496,509.45921000,10140611.90910310,0
1655932500000,19941.14000000,20019.74000000,19868.59000000,19938.99000000,569.89951000,1655933399999,11354196.10111140,11613,266.88803000,5317724.09866370,0
1655933400000,19939.01000000,19966.04000000,19831.19000000,19896.37000000,311.85632000,1655934299999,6204523.72868250,9561,153.28913000,3049760.70501210,0
1655934300000,19896.38000000,20064.67000000,19896.37000000,20005.30000000,515.09037000,1655935199999,10298391.64543900,10062,268.77351000,5373574.80994230,0
1655935200000,20005.30000000,20058.57000000,19949.22000000,19977.12000000,688.84842000,1655936099999,13779837.86183280,10719,312.01196000,6241087.88078470,0
1655936100000,19977.12000000,19979.42000000,19918.31000000,19958.76000000,472.76955000,1655936999999,9431428.00197820,7152,235.18149000,4691305.77074160,0
1655937000000,19958.77000000,20067.02000000,19953.33000000,20052.48000000,509.07798000,1655937899999,10194679.35572270,7539,237.56967000,4757308.56828220,0
1655937900000,20052.49000000,20169.09000000,20016.55000000,20103.32000000,866.68167000,1655938799999,17427480.68760170,11567,503.74046000,10130971.17350090,0
1655938800000,20103.32000000,20139.53000000,20094.09000000,20111.12000000,510.42990000,1655939699999,10269142.49929420,6695,234.87388000,4725104.55869950,0
1655939700000,20111.13000000,20134.92000000,20075.00000000,20080.09000000,437.08373000,1655940599999,8786774.41289230,6496,173.97063000,3496910.08545230,0
1655940600000,20080.08000000,20120.46000000,19980.80000000,20009.17000000,675.65265000,1655941499999,13533865.56408960,8698,314.54623000,6301413.41681590,0
1655941500000,20009.16000000,20024.47000000,19960.51000000,19987.99000000,557.38068000,1655942399999,11137287.63303950,7923,257.06080000,5136368.82065470,0
1655942400000,19988.00000000,20134.50000000,19890.07000000,20112.55000000,1539.67323000,1655943299999,30811919.04598070,17895,657.37471000,13167719.45234490,0
1655943300000,20112.56000000,20470.22000000,20090.72000000,20341.64000000,2014.99001000,1655944199999,40882358.32828040,24678,1156.98250000,23474735.93995770,0
1655944200000,20341.65000000,20411.89000000,20234.10000000,20332.56000000,1427.13006000,1655945099999,28990963.31237440,17263,775.12131000,15742872.85486800,0
1655945100000,20332.56000000,20510.00000000,20295.71000000,20419.14000000,1439.88295000,1655945999999,29397105.47369640,16533,820.03881000,16743257.86631310,0
1655946000000,20419.15000000,20454.85000000,20358.15000000,20364.32000000,834.79533000,1655946899999,17032252.75334940,11027,399.84730000,8157331.67971270,0
1655946900000,20364.32000000,20566.00000000,20339.13000000,20520.18000000,1323.12747000,1655947799999,27067549.20247580,13781,650.06698000,13290992.05647930,0
1655947800000,20520.18000000,20612.22000000,20444.21000000,20449.81000000,944.89514000,1655948699999,19393276.17311370,11897,451.75621000,9272864.92406640,0
1655948700000,20449.81000000,20466.00000000,20340.87000000,20375.49000000,699.33671000,1655949599999,14265394.78462320,9147,290.61376000,5928100.62764480,0
1655949600000,20375.48000000,20463.00000000,20358.47000000,20373.39000000,590.13901000,1655950499999,12042525.29260930,8736,288.24789000,5882035.62461770,0
1655950500000,20373.39000000,20423.92000000,20347.63000000,20368.75000000,363.57937000,1655951399999,7411158.38272970,6339,168.32818000,3431107.43459110,0
1655951400000,20368.75000000,20492.01000000,20365.00000000,20424.55000000,597.66908000,1655952299999,12206429.33976830,8577,313.06842000,6392669.18633940,0
1655952300000,20424.55000000,20468.86000000,20352.64000000,20363.00000000,469.23914000,1655953199999,9582729.27517440,7416,218.69218000,4466074.64952100,0
1655953200000,20363.01000000,20376.72000000,20265.74000000,20300.00000000,776.43086000,1655954099999,15775967.15933580,11698,360.54701000,7325435.77211350,0
1655954100000,20300.00000000,20332.21000000,20286.41000000,20318.61000000,516.01437000,1655954999999,10475954.83921660,7431,313.66903000,6366758.14248440,0
1655955000000,20318.62000000,20318.62000000,20224.26000000,20246.72000000,437.09516000,1655955899999,8861934.80086380,7387,192.77422000,3908458.90736920,0
1655955900000,20246.73000000,20272.00000000,20211.43000000,20213.79000000,389.66178000,1655956799999,7889401.98290610,6984,173.16198000,3506158.99552030,0
1655956800000,20213.78000000,20236.26000000,20168.26000000,20200.58000000,515.19700000,1655957699999,10410077.73226310,8666,262.71115000,5308692.56747150,0
1655957700000,20200.57000000,20288.68000000,20174.81000000,20251.47000000,607.27549000,1655958599999,12283778.44697370,9118,348.88335000,7057066.54647160,0
1655958600000,20251.48000000,20382.42000000,20240.00000000,20363.82000000,757.35381000,1655959499999,15389182.40074310,11041,413.00532000,8391448.05582210,0
1655959500000,20363.82000000,20394.99000000,20316.44000000,20357.17000000,472.62817000,1655960399999,9618598.81762180,8481,228.14807000,4642822.54800000,0
1655960400000,20357.17000000,20390.46000000,20273.90000000,20320.43000000,549.77282000,1655961299999,11183234.50777460,8605,251.58738000,5118369.51621040,0
1655961300000,20320.44000000,20389.40000000,20298.66000000,20385.97000000,481.05427000,1655962199999,9787682.93054320,7865,266.48184000,5422105.93485880,0
1655962200000,20385.97000000,20474.36000000,20381.16000000,20394.12000000,614.75780000,1655963099999,12552427.12870070,9725,308.80045000,6305167.03507170,0
1655963100000,20394.11000000,20428.57000000,20331.10000000,20349.16000000,466.83736000,1655963999999,9511023.44374330,7843,205.50337000,4187099.68918270,0
1655964000000,20349.16000000,20358.75000000,20303.76000000,20322.73000000,516.55603000,1655964899999,10500449.95216470,8070,232.52272000,4726369.62699960,0
1655964900000,20322.72000000,20454.22000000,20310.50000000,20423.09000000,594.01415000,1655965799999,12107569.87095690,8926,315.54058000,6430833.73700280,0
1655965800000,20423.09000000,20657.14000000,20398.05000000,20594.03000000,2102.91086000,1655966699999,43247692.94417300,24371,1161.56441000,23885201.25101100,0
1655966700000,20594.03000000,20619.12000000,20547.25000000,20548.51000000,591.45256000,1655967599999,12172217.44112390,9076,300.51839000,6184784.35399300,0
1655967600000,20548.52000000,20623.87000000,20531.93000000,20593.39000000,755.34254000,1655968499999,15541372.85910050,11068,363.04145000,7469324.16329220,0
1655968500000,20593.39000000,20593.39000000,20483.38000000,20489.22000000,823.37759000,1655969399999,16890773.48126990,10673,426.50842000,8748883.15732230,0
1655969400000,20489.21000000,20501.13000000,20441.69000000,20475.50000000,401.41595000,1655970299999,8220105.66410320,7418,193.84935000,3969442.95350950,0
1655970300000,20475.49000000,20505.58000000,20424.98000000,20461.83000000,776.74848000,1655971199999,15902135.09609150,9523,299.68325000,6134208.25796350,0
1655971200000,20461.83000000,20643.16000000,20454.32000000,20604.43000000,788.75179000,1655972099999,16214126.78609580,11103,433.66142000,8914490.55123050,0
1655972100000,20604.43000000,20659.46000000,20547.22000000,20568.55000000,754.12877000,1655972999999,15530398.87610590,10568,336.27021000,6925875.32896690,0
1655973000000,20568.55000000,20609.75000000,20478.76000000,20508.35000000,696.20243000,1655973899999,14287095.76432590,9785,299.93544000,6154959.07866430,0
1655973900000,20508.34000000,20578.01000000,20480.00000000,20576.66000000,570.64960000,1655974799999,11711822.39742330,8750,313.59357000,6437125.56290300,0
1655974800000,20576.65000000,20631.33000000,20570.92000000,20611.04000000,755.48758000,1655975699999,15559581.72059610,9340,438.79204000,9036405.20184950,0
1655975700000,20611.04000000,20720.00000000,20513.78000000,20550.80000000,1486.16549000,1655976599999,30641351.22110480,15099,819.67679000,16905306.18390850,0
1655976600000,20550.80000000,20628.85000000,20488.02000000,20516.81000000,863.20425000,1655977499999,17729103.57705860,11942,375.61371000,7714717.61210920,0
1655977500000,20516.81000000,20785.52000000,20497.78000000,20746.40000000,1785.27602000,1655978399999,36904181.79729330,19526,1120.58784000,23166815.82540380,0
1655978400000,20746.40000000,20796.60000000,20690.23000000,20796.02000000,1630.46868000,1655979299999,33834476.34513600,18552,816.24373000,16934867.67249240,0
1655979300000,20796.02000000,20812.12000000,20706.74000000,20733.54000000,899.27850000,1655980199999,18659528.78051450,11005,464.19839000,9631064.18800480,0
1655980200000,20733.54000000,20766.80000000,20674.97000000,20744.61000000,738.60266000,1655981099999,15302050.25551850,9912,364.58566000,7553429.13356500,0
1655981100000,20744.62000000,20784.21000000,20662.53000000,20699.54000000,781.10042000,1655981999999,16184346.22732740,10590,377.39661000,7820466.37029070,0
1655982000000,20699.54000000,20719.69000000,20676.59000000,20693.84000000,438.10335000,1655982899999,9066611.87778420,7412,230.37678000,4767762.83438240,0
1655982900000,20693.84000000,20718.66000000,20645.85000000,20696.29000000,548.53341000,1655983799999,11343523.32914910,8325,269.01271000,5563182.34680110,0
1655983800000,20696.30000000,20704.82000000,20591.53000000,20624.14000000,783.14442000,1655984699999,16164430.90419190,10436,407.81237000,8417001.92843930,0
1655984700000,20624.14000000,20668.77000000,20613.62000000,20638.79000000,682.94329000,1655985599999,14096232.83035670,9984,409.71050000,8456488.57036790,0
1655985600000,20638.89000000,20720.62000000,20576.25000000,20664.03000000,836.20131000,1655986499999,17273220.01753730,12739,485.13807000,10022441.72445820,0
1655986500000,20664.03000000,20777.00000000,20637.76000000,20765.76000000,902.30328000,1655987399999,18688477.19855900,14389,483.65263000,10016105.12530030,0
1655987400000,20765.77000000,20829.21000000,20565.00000000,20581.31000000,1557.04198000,1655988299999,32199911.80797910,20377,703.92305000,14560652.60919350,0
1655988300000,20581.32000000,20628.01000000,20493.21000000,20563.48000000,1077.46787000,1655989199999,22155340.00341550,16530,512.21954000,10535050.07948950,0
1655989200000,20563.48000000,20636.19000000,20536.40000000,20600.36000000,779.33268000,1655990099999,16051606.90133450,11325,359.67530000,7404787.21484650,0
1655990100000,20600.36000000,20639.29000000,20573.96000000,20580.01000000,399.91362000,1655990999999,8238512.53920820,9487,182.53269000,3760190.66298450,0
1655991000000,20580.01000000,20653.80000000,20490.72000000,20501.25000000,1188.70833000,1655991899999,24427653.46800110,19218,545.08577000,11201811.76148530,0
1655991900000,20501.24000000,20538.60000000,20365.13000000,20459.94000000,1607.20967000,1655992799999,32879094.13083330,23822,780.34736000,15964311.91059750,0
1655992800000,20459.94000000,20506.19000000,20397.59000000,20431.00000000,948.23909000,1655993699999,19385509.68784320,16939,448.96514000,9178516.97424640,0
1655993700000,20431.11000000,20496.98000000,20418.98000000,20464.11000000,686.41559000,1655994599999,14043523.26966150,13622,383.52262000,7845904.03359290,0
1655994600000,20464.11000000,20546.00000000,20450.00000000,20539.61000000,832.98850000,1655995499999,17074168.02471730,13984,463.34590000,9497956.47532880,0
1655995500000,20539.61000000,20615.94000000,20516.56000000,20609.71000000,829.93491000,1655996399999,17064915.79120910,14602,398.01569000,8184645.93528440,0
1655996400000,20609.71000000,20615.93000000,20551.41000000,20594.76000000,529.76777000,1655997299999,10900441.09590480,10551,279.34845000,5747233.94541160,0
1655997300000,20594.76000000,20594.76000000,20418.57000000,20426.38000000,658.88747000,1655998199999,13498328.32521510,12407,292.44537000,5991359.04736010,0
1655998200000,20426.39000000,20441.35000000,20287.41000000,20349.01000000,1371.62859000,1655999099999,27911880.17055130,18203,613.28347000,12478464.90155650,0
1655999100000,20349.01000000,20397.05000000,20301.94000000,20351.91000000,565.36609000,1655999999999,11507394.50369200,10273,308.50963000,6279825.72289830,0
1656000000000,20351.91000000,20366.98000000,20276.80000000,20300.27000000,897.70783000,1656000899999,18227354.81775220,14771,479.32051000,9731713.70247980,0
1656000900000,20300.28000000,20341.99000000,20211.66000000,20305.73000000,742.84255000,1656001799999,15073062.54419810,12595,359.03394000,7286122.91212530,0
1656001800000,20305.72000000,20335.80000000,20265.96000000,20315.46000000,426.18818000,1656002699999,8654265.43884770,8599,214.34573000,4352173.19079290,0
1656002700000,20315.46000000,20364.74000000,20278.14000000,20284.28000000,512.47038000,1656003599999,10415428.21905030,8991,260.92399000,5303735.50258190,0
1656003600000,20284.28000000,20339.99000000,20170.00000000,20314.34000000,841.83317000,1656004499999,17055447.56447620,14711,429.92150000,8712490.45302120,0
1656004500000,20314.35000000,20341.40000000,20252.38000000,20266.95000000,387.90120000,1656005399999,7874168.50240290,7741,181.58201000,3686252.86713760,0
1656005400000,20266.94000000,20314.69000000,20250.00000000,20302.91000000,373.92055000,1656006299999,7585946.24620340,7168,198.37474000,4024349.47604040,0
1656006300000,20302.91000000,20395.08000000,20291.61000000,20319.32000000,585.80730000,1656007199999,11914460.76953250,11851,332.18864000,6756199.99038150,0
1656007200000,20319.32000000,20365.92000000,20288.91000000,20355.78000000,511.68404000,1656008099999,10406194.33588570,8480,269.42192000,5479785.09948830,0
1656008100000,20355.78000000,20434.90000000,20354.79000000,20413.18000000,745.38498000,1656008999999,15198431.26511790,11218,447.93796000,9132425.47439730,0
1656009000000,20413.18000000,20456.00000000,20375.13000000,20437.02000000,578.43491000,1656009899999,11812702.79001670,9570,304.08179000,6209840.92714630,0
1656009900000,20437.02000000,20442.34000000,20388.45000000,20431.92000000,330.47284000,1656010799999,6748743.18067120,6876,168.59807000,3442866.94829410,0
1656010800000,20431.92000000,20607.69000000,20390.82000000,20517.26000000,1541.93231000,1656011699999,31612767.60615070,17154,937.34637000,19226671.67049090,0
1656011700000,20517.26000000,20791.04000000,20491.42000000,20715.39000000,1734.91503000,1656012599999,35849073.47045310,23296,974.09021000,20130976.54108690,0
1656012600000,20715.39000000,20858.75000000,20696.20000000,20834.60000000,1463.31834000,1656013499999,30414793.65056130,20321,752.64459000,15643903.56460120,0
1656013500000,20834.60000000,20945.55000000,20795.67000000,20910.06000000,1393.16905000,1656014399999,29079479.07117800,20936,745.69889000,15565267.18767310,0
1656014400000,20910.06000000,21123.00000000,20743.75000000,21075.35000000,2286.74161000,1656015299999,47800991.07573060,33295,1276.12163000,26694591.20360280,0
1656015300000,21075.35000000,21090.89000000,20912.61000000,20919.81000000,1261.89047000,1656016199999,26498169.84036740,18635,619.92197000,13021791.60519900,0
1656016200000,20919.81000000,20929.49000000,20855.75000000,20883.01000000,613.91966000,1656017099999,12821402.75058610,12849,301.34391000,6293393.76775270,0
1656017100000,20883.01000000,20950.00000000,20792.92000000,20815.25000000,858.31903000,1656017999999,17909573.48466380,13600,388.95831000,8114973.05918030,0
1656018000000,20815.26000000,20852.44000000,20769.37000000,20786.46000000,649.72065000,1656018899999,13513612.35289840,11949,292.14120000,6076262.08992140,0
1656018900000,20786.45000000,20828.23000000,20765.03000000,20817.50000000,277.08459000,1656019799999,5762618.09717320,6952,144.22618000,2999425.94279340,0
1656019800000,20817.51000000,20821.87000000,20672.72000000,20734.13000000,507.61484000,1656020699999,10523997.49701880,12319,212.46637000,4404158.54502150,0
1656020700000,20736.17000000,20757.03000000,20682.54000000,20687.76000000,283.11625000,1656021599999,5864564.71641230,6489,145.50917000,3013832.44468540,0
1656021600000,20687.75000000,20813.98000000,20683.20000000,20791.23000000,1374.03054000,1656022499999,28516690.14184050,15983,771.14783000,16005333.35540550,0
1656022500000,20791.24000000,21025.20000000,20771.44000000,20992.59000000,1484.30500000,1656023399999,30990904.05065190,17408,904.56292000,18887145.51205160,0
1656023400000,20992.60000000,21233.00000000,20988.65000000,21082.97000000,2548.02839000,1656024299999,53772445.02497610,32950,1313.37900000,27719365.46826700,0
1656024300000,21082.96000000,21155.72000000,20959.73000000,20991.75000000,946.60366000,1656025199999,19922573.85087020,13727,473.01025000,9956884.27397480,0
1656025200000,20991.75000000,21112.51000000,20975.88000000,21071.93000000,650.87992000,1656026099999,13694911.24159290,10646,358.21417000,7536844.41716750,0
1656026100000,21071.92000000,21182.01000000,21038.00000000,21150.69000000,673.93169000,1656026999999,14230909.97138670,9961,353.06978000,7454883.91535270,0
1656027000000,21150.68000000,21203.70000000,21073.33000000,21092.76000000,750.87682000,1656027899999,15871161.54505080,10708,340.26808000,7192078.84688090,0
1656027900000,21092.75000000,21130.00000000,21058.02000000,21110.13000000,528.23942000,1656028799999,11143938.85403790,8054,240.86714000,5080913.30648080,0
1656028800000,21110.12000000,21176.39000000,21050.85000000,21120.03000000,1001.91301000,1656029699999,21160827.52227460,16788,499.75575000,10555505.36787140,0
1656029700000,21120.04000000,21199.88000000,21003.06000000,21032.26000000,926.48139000,1656030599999,19532733.81818810,17322,448.39070000,9454188.71000770,0
1656030600000,21032.26000000,21055.28000000,20976.00000000,21051.37000000,601.82034000,1656031499999,12648484.75420560,12175,274.79824000,5775308.75687830,0
1656031500000,21051.36000000,21064.82000000,20973.68000000,21007.18000000,552.85789000,1656032399999,11623526.87922210,9123,264.11892000,5552520.65483440,0
1656032400000,21007.18000000,21106.24000000,20985.14000000,21063.99000000,607.61066000,1656033299999,12782911.75984950,11406,314.32868000,6613170.66933950,0
1656033300000,21063.99000000,21183.78000000,21043.47000000,21099.21000000,728.90706000,1656034199999,15388455.53055910,12555,379.18746000,8004198.03126130,0
1656034200000,21099.20000000,21172.09000000,21093.58000000,21111.05000000,570.51376000,1656035099999,12058547.71079430,10015,319.73657000,6757311.42858470,0
1656035100000,21111.06000000,21132.62000000,21038.00000000,21047.60000000,496.53814000,1656035999999,10466018.87019160,9174,234.66615000,4946138.15375160,0
1656036000000,21047.59000000,21092.06000000,21015.14000000,21092.06000000,446.91882000,1656036899999,9406072.62024020,8870,205.79244000,4331217.45001880,0
1656036900000,21092.06000000,21159.53000000,21043.28000000,21138.92000000,397.17340000,1656037799999,8384163.48961680,9175,221.22284000,4669478.82541170,0
1656037800000,21138.92000000,21369.85000000,21130.62000000,21263.67000000,2084.76985000,1656038699999,44353110.37655950,23710,1082.02236000,23017577.31963960,0
1656038700000,21263.68000000,21299.04000000,21169.10000000,21173.46000000,711.30041000,1656039599999,15115226.90573410,12324,305.33064000,6487932.97620730,0
1656039600000,21173.47000000,21258.33000000,21146.05000000,21240.70000000,802.19885000,1656040499999,17001913.28568120,11907,384.86415000,8156752.46239420,0
1656040500000,21240.69000000,21277.50000000,21153.68000000,21168.53000000,531.16929000,1656041399999,11265992.38855260,9903,247.32377000,5246507.41575120,0
1656041400000,21168.53000000,21177.04000000,21088.64000000,21099.18000000,561.32072000,1656042299999,11854580.18991180,10042,238.59393000,5038319.65609710,0
1656042300000,21099.18000000,21109.97000000,21040.00000000,21073.73000000,538.86938000,1656043199999,11355172.48071420,9903,282.04948000,5943067.72227000,0
1656043200000,21073.73000000,21152.35000000,21067.71000000,21111.93000000,621.88062000,1656044099999,13124866.74658350,10489,358.57134000,7567404.95839130,0
1656044100000,21111.93000000,21154.62000000,21089.40000000,21099.15000000,702.17811000,1656044999999,14833849.59498600,9701,321.96773000,6801930.65058670,0
1656045000000,21099.16000000,21099.16000000,20983.01000000,21014.25000000,654.55513000,1656045899999,13763513.52687020,12866,292.49465000,6150981.81128790,0
1656045900000,21014.25000000,21077.26000000,21010.22000000,21050.15000000,376.89891000,1656046799999,7931221.81362030,7442,190.16600000,4001541.26628820,0
1656046800000,21050.15000000,21084.52000000,21027.60000000,21043.35000000,453.88750000,1656047699999,9553964.81011540,8016,194.74043000,4098973.81877010,0
1656047700000,21043.35000000,21120.00000000,21000.59000000,21094.68000000,479.80986000,1656048599999,10105900.11744730,9334,243.81726000,5134513.43229020,0
1656048600000,21094.69000000,21157.06000000,21089.64000000,21142.42000000,476.17737000,1656049499999,10057822.18459320,8265,274.34337000,5794792.53692440,0
1656049500000,21142.42000000,21168.13000000,20864.84000000,20910.89000000,1153.39368000,1656050399999,24220165.63500060,15292,561.46331000,11790023.06311870,0
1656050400000,20910.89000000,20938.68000000,20834.10000000,20904.59000000,917.13184000,1656051299999,19167472.79481010,15495,382.64451000,7996941.21645540,0
1656051300000,20904.58000000,20944.03000000,20883.68000000,20935.09000000,360.53991000,1656052199999,7541161.66708470,7303,155.87834000,3260197.16749340,0
1656052200000,20935.09000000,20962.17000000,20862.00000000,20863.54000000,435.65516000,1656053099999,9108813.87253350,8652,188.33574000,3938043.29052360,0
1656053100000,20863.54000000,20868.12000000,20780.59000000,20842.16000000,868.58728000,1656053999999,18082138.75626680,13967,372.40749000,7751231.21337680,0
1656054000000,20842.16000000,20854.79000000,20760.00000000,20760.00000000,571.69398000,1656054899999,11898746.75668350,10902,262.51805000,5464003.59559540,0
1656054900000,20760.00000000,20900.03000000,20736.72000000,20872.41000000,1030.49982000,1656055799999,21458179.17809550,19299,588.62289000,12257920.29098660,0
1656055800000,20872.40000000,20976.46000000,20865.20000000,20933.29000000,998.71355000,1656056699999,20896346.98217140,16241,536.09870000,11216301.25961400,0
1656056700000,20933.30000000,21000.59000000,20862.76000000,20913.72000000,1143.79832000,1656057599999,23947853.84190670,16303,557.93031000,11681505.96214140,0
1656057600000,20913.73000000,20986.48000000,20900.00000000,20942.63000000,528.36890000,1656058499999,11065333.75752390,9058,229.48493000,4805871.07816440,0
1656058500000,20942.63000000,21004.98000000,20901.96000000,20941.89000000,543.76915000,1656059399999,11393141.03304150,10461,255.77500000,5359475.76122540,0
1656059400000,20941.90000000,21070.00000000,20919.91000000,21006.77000000,691.83321000,1656060299999,14533066.36575550,12573,339.24566000,7126158.16502420,0
1656060300000,21006.76000000,21094.00000000,20998.43000000,21053.33000000,700.17495000,1656061199999,14733401.10324150,10869,329.30441000,6928979.71715840,0
1656061200000,21053.33000000,21077.12000000,21019.23000000,21032.84000000,451.37349000,1656062099999,9502065.92475630,8505,190.63114000,4013119.78625930,0
1656062100000,21032.85000000,21040.80000000,20925.20000000,20925.76000000,656.49506000,1656062999999,13770722.76249020,12548,296.63990000,6221549.39894630,0
1656063000000,20925.76000000,20944.00000000,20875.00000000,20884.96000000,645.47850000,1656063899999,13494944.56918520,11679,306.71800000,6412882.28322500,0
1656063900000,20884.95000000,20901.76000000,20745.01000000,20824.99000000,740.89597000,1656064799999,15421457.19563530,15114,298.75130000,6218504.70607070,0
1656064800000,20824.99000000,20856.39000000,20792.59000000,20832.88000000,464.33083000,1656065699999,9670386.54586450,10770,244.15973000,5084652.25216880,0
1656065700000,20832.87000000,20932.70000000,20825.66000000,20917.41000000,531.31388000,1656066599999,11102061.50488010,9957,293.22188000,6126845.72479010,0
1656066600000,20917.40000000,20960.00000000,20890.00000000,20912.55000000,386.11450000,1656067499999,8077911.28818410,8115,175.93367000,3680751.69295210,0
1656067500000,20912.55000000,21000.30000000,20887.41000000,20995.36000000,673.14030000,1656068399999,14104672.28391920,10294,379.85656000,7958025.37887120,0
1656068400000,20995.36000000,21115.51000000,20979.81000000,21059.99000000,1035.55758000,1656069299999,21792165.71871230,16253,574.24269000,12083891.07520990,0
1656069300000,21060.00000000,21233.00000000,21021.44000000,21148.44000000,1238.08516000,1656070199999,26183105.00952170,20907,613.18307000,12970754.15310030,0
1656070200000,21148.45000000,21326.52000000,21145.17000000,21256.06000000,2684.95029000,1656071099999,57054922.36277290,32947,1418.40282000,30141179.05439730,0
1656071100000,21256.06000000,21264.63000000,21145.50000000,21169.53000000,1211.63485000,1656071999999,25677188.13961550,17492,566.83892000,12012279.88167100,0
1656072000000,21169.53000000,21309.50000000,21086.01000000,21258.37000000,1480.57388000,1656072899999,31395970.48586990,21664,733.09110000,15544870.35098450,0
1656072900000,21258.38000000,21457.00000000,21222.55000000,21383.84000000,2099.84933000,1656073799999,44839086.50537980,28551,1134.09216000,24218087.03002290,0
1656073800000,21385.98000000,21400.89000000,21277.79000000,21290.99000000,937.83021000,1656074699999,19987120.40833690,16560,427.85935000,9118041.56889410,0
1656074700000,21290.98000000,21300.00000000,21142.86000000,21215.25000000,913.68704000,1656075599999,19390700.42444810,16404,421.39978000,8943710.92478900,0
1656075600000,21215.24000000,21334.94000000,21180.00000000,21222.70000000,1024.88040000,1656076499999,21788383.99094270,14778,543.19585000,11549572.06534980,0
1656076500000,21222.70000000,21272.12000000,21142.86000000,21248.60000000,1192.72136000,1656077399999,25295528.46096400,14841,690.77262000,14646532.22943530,0
1656077400000,21248.60000000,21332.08000000,21197.67000000,21271.05000000,1084.46455000,1656078299999,23084101.08931440,17851,620.03902000,13197934.15798340,0
1656078300000,21271.04000000,21376.00000000,21190.81000000,21199.99000000,1127.70989000,1656079199999,24002183.19184110,17869,574.27720000,12222414.33631480,0
1656079200000,21199.98000000,21339.95000000,21199.98000000,21326.10000000,960.75310000,1656080099999,20458046.46391830,16994,489.04665000,10412574.19483290,0
1656080100000,21326.10000000,21374.99000000,21248.45000000,21250.98000000,705.83794000,1656080999999,15039210.63185300,13585,341.59227000,7278709.06144210,0
1656081000000,21250.99000000,21260.01000000,21113.17000000,21113.18000000,1101.24879000,1656081899999,23336141.78275540,19590,471.19544000,9984035.90770350,0
1656081900000,21113.18000000,21155.24000000,21053.72000000,21120.78000000,1094.63196000,1656082799999,23102756.37381750,21508,525.97243000,11100659.97727720,0
1656082800000,21120.77000000,21129.86000000,20987.86000000,21015.01000000,1114.34656000,1656083699999,23461074.82870700,20804,579.30417000,12194441.44138520,0
1656083700000,21015.01000000,21024.20000000,20860.00000000,20987.79000000,1480.16200000,1656084599999,31006230.93889800,24805,703.52093000,14737803.41589010,0
1656084600000,20987.80000000,20999.98000000,20822.90000000,20871.55000000,1227.15750000,1656085499999,25652444.65580220,18627,526.39253000,11003723.89689680,0
1656085500000,20871.55000000,20931.57000000,20832.02000000,20884.17000000,824.75116000,1656086399999,17222934.79887810,14650,386.08008000,8061073.45624900,0
1656086400000,20884.17000000,20944.51000000,20855.51000000,20866.06000000,1046.78570000,1656087299999,21877875.09125480,15561,462.23336000,9660859.06291560,0
1656087300000,20866.06000000,20930.00000000,20861.00000000,20885.06000000,856.88840000,1656088199999,17891471.32700830,11130,518.82605000,10832161.92923370,0
1656088200000,20885.05000000,20970.00000000,20784.76000000,20950.80000000,1523.91054000,1656089099999,31795038.38283960,17865,583.11903000,12169372.13646630,0
1656089100000,20950.80000000,21100.00000000,20945.17000000,21044.61000000,1043.81002000,1656089999999,21935304.48112660,17159,545.90360000,11473996.62153770,0
1656090000000,21044.61000000,21209.75000000,21025.82000000,21198.45000000,1546.94333000,1656090899999,32704448.35254080,21998,736.16003000,15562827.48640840,0
1656090900000,21198.46000000,21228.92000000,21137.74000000,21150.94000000,836.63916000,1656091799999,17723692.52064360,12907,448.92648000,9510848.73185780,0
1656091800000,21150.95000000,21197.74000000,21036.00000000,21061.49000000,657.27613000,1656092699999,13871967.64059840,14726,311.02836000,6563443.75253110,0
1656092700000,21061.48000000,21081.87000000,20933.32000000,20972.40000000,699.88244000,1656093599999,14702550.89246050,14510,342.40065000,7192938.54611360,0
1656093600000,20972.41000000,21014.31000000,20904.02000000,20987.65000000,463.19483000,1656094499999,9708366.97874140,10939,230.15009000,4823595.29747910,0
1656094500000,20987.65000000,21035.08000000,20930.72000000,20971.36000000,514.55539000,1656095399999,10797979.70285250,10949,213.89910000,4487697.60261210,0
1656095400000,20971.37000000,21070.00000000,20957.63000000,21054.98000000,470.20217000,1656096299999,9883045.48042630,12330,251.11164000,5278043.36826670,0
1656096300000,21054.98000000,21132.07000000,21040.00000000,21126.61000000,567.69893000,1656097199999,11976263.72839940,12080,300.84689000,6346220.50103790,0
1656097200000,21126.61000000,21151.84000000,21035.52000000,21053.72000000,498.79788000,1656098099999,10528017.73553650,10841,225.63587000,4762297.99562150,0
1656098100000,21053.72000000,21192.07000000,21027.19000000,21177.96000000,464.61213000,1656098999999,9817011.13907750,10638,246.55081000,5210337.53872340,0
1656099000000,21177.96000000,21267.36000000,21127.45000000,21175.75000000,595.86426000,1656099899999,12625152.77024460,12951,311.80391000,6607701.70247360,0
1656099900000,21175.74000000,21254.24000000,21135.00000000,21253.61000000,550.20307000,1656100799999,11661319.27040930,12002,269.62691000,5714197.42155740,0
1656100800000,21253.79000000,21341.97000000,21216.89000000,21258.28000000,1070.79586000,1656101699999,22792893.05929570,19520,578.66844000,12318344.19513380,0
1656101700000,21258.28000000,21270.44000000,21190.50000000,21192.35000000,478.27894000,1656102599999,10151997.68141990,10138,238.46695000,5061045.86580330,0
1656102600000,21192.35000000,21237.69000000,21154.62000000,21192.43000000,458.72890000,1656103499999,9727322.26011940,9260,238.78469000,5063668.97698460,0
1656103500000,21192.42000000,21316.00000000,21146.00000000,21200.42000000,636.26284000,1656104399999,13507546.74728640,12365,342.04130000,7261990.35103320,0
1656104400000,21200.41000000,21328.61000000,21182.80000000,21295.84000000,546.08370000,1656105299999,11612764.09542290,10796,279.18678000,5936476.20972750,0
1656105300000,21295.84000000,21365.00000000,21271.07000000,21350.00000000,653.80002000,1656106199999,13944127.49982060,11911,384.07413000,8192235.30799420,0
1656106200000,21350.00000000,21360.00000000,21279.50000000,21339.44000000,338.13933000,1656107099999,7210407.01063930,10614,156.69900000,3341434.14640990,0
1656107100000,21339.45000000,21359.42000000,21303.37000000,21317.48000000,305.23738000,1656107999999,6509411.33393440,7880,159.93690000,3410347.57940030,0
1656108000000,21317.47000000,21499.91000000,21300.00000000,21396.36000000,1216.84201000,1656108899999,26063554.59895730,18415,740.90232000,15869380.76074120,0
1656108900000,21396.35000000,21558.41000000,21318.47000000,21348.38000000,1337.77109000,1656109799999,28676674.77332660,19779,778.77699000,16704797.52346100,0
1656109800000,21348.39000000,21449.99000000,21303.84000000,21334.74000000,673.98833000,1656110699999,14405483.88488130,10757,342.62273000,7323757.60075040,0
1656110700000,21334.74000000,21375.05000000,21308.55000000,21310.99000000,494.40563000,1656111599999,10547118.66818000,8655,263.82205000,5628085.99470710,0
1656111600000,21310.73000000,21347.05000000,21257.46000000,21304.87000000,615.47158000,1656112499999,13111901.04826010,10214,296.97744000,6326468.03384310,0
1656112500000,21304.86000000,21374.89000000,21260.41000000,21341.35000000,551.16606000,1656113399999,11748559.63085140,8257,296.68661000,6324067.43185830,0
1656113400000,21341.35000000,21389.22000000,21307.73000000,21357.55000000,536.98899000,1656114299999,11471306.76942500,8303,251.47441000,5371746.10488980,0
1656114300000,21357.54000000,21394.35000000,21194.01000000,21237.69000000,819.25488000,1656115199999,17420399.15638040,13677,370.62264000,7882140.28413530,0
1656115200000,21237.68000000,21264.66000000,21136.04000000,21206.85000000,968.72013000,1656116099999,20534961.21573860,16757,431.14449000,9140302.76924290,0
1656116100000,21206.84000000,21302.81000000,21183.84000000,21251.23000000,630.74587000,1656116999999,13404692.33084950,11965,294.54799000,6259463.33224040,0
1656117000000,21251.23000000,21281.68000000,21121.72000000,21262.36000000,667.87663000,1656117899999,14157039.74541000,11973,315.83149000,6692727.05726000,0
1656117900000,21262.35000000,21302.81000000,21155.79000000,21194.12000000,569.93959000,1656118799999,12105454.75313740,10240,278.45641000,5913503.10140270,0
1656118800000,21194.12000000,21273.40000000,21147.84000000,21251.75000000,589.65428000,1656119699999,12504616.07787080,9649,337.13447000,7150296.93550010,0
1656119700000,21251.74000000,21324.92000000,21244.80000000,21286.69000000,476.01534000,1656120599999,10129164.67586160,8513,224.69815000,4781073.86683250,0
1656120600000,21286.69000000,21339.47000000,21283.02000000,21317.75000000,383.72674000,1656121499999,8177873.31421870,6860,193.15721000,4116346.06503950,0
1656121500000,21317.75000000,21342.86000000,21276.32000000,21331.33000000,438.71561000,1656122399999,9349608.08943440,7241,196.82770000,4194127.06758590,0
1656122400000,21331.33000000,21379.65000000,21302.71000000,21315.90000000,756.27818000,1656123299999,16135011.61052060,10773,344.26548000,7342858.39144750,0
1656123300000,21315.90000000,21343.94000000,21225.90000000,21241.05000000,799.86486000,1656124199999,17010902.79612430,11016,445.83944000,9479595.32499000,0
1656124200000,21241.06000000,21261.55000000,21211.06000000,21218.26000000,416.17530000,1656125099999,8837032.40871870,7108,195.30676000,4146857.81139240,0
1656125100000,21218.26000000,21245.00000000,21151.38000000,21177.36000000,504.51471000,1656125999999,10692844.48373580,8829,226.36368000,4797209.07874420,0
1656126000000,21177.36000000,21281.90000000,21157.41000000,21279.52000000,421.30521000,1656126899999,8934176.71486210,7957,226.49418000,4803620.47406430,0
1656126900000,21279.51000000,21319.00000000,21250.00000000,21258.45000000,464.40214000,1656127799999,9883427.31757130,8022,230.80984000,4912173.17862810,0
1656127800000,21258.45000000,21322.52000000,21192.24000000,21300.99000000,432.52040000,1656128699999,9190412.31204820,8446,228.62645000,4858399.87262470,0
1656128700000,21301.00000000,21345.89000000,21257.42000000,21300.62000000,313.67350000,1656129599999,6684533.47686890,7431,156.90636000,3343637.98427340,0
1656129600000,21300.62000000,21306.55000000,21243.49000000,21277.55000000,421.49811000,1656130499999,8969488.18890010,8355,211.83414000,4507443.71714100,0
1656130500000,21277.56000000,21277.56000000,21210.00000000,21224.23000000,366.44865000,1656131399999,7780082.00693250,7860,180.63722000,3834841.77090010,0
1656131400000,21224.24000000,21260.00000000,21206.68000000,21259.99000000,302.31240000,1656132299999,6415919.69222710,5921,153.27170000,3252787.04721230,0
1656132300000,21260.00000000,21302.65000000,21224.11000000,21234.48000000,490.97574000,1656133199999,10439757.18443680,7915,224.48748000,4773427.25488780,0
1656133200000,21234.49000000,21287.22000000,21221.67000000,21279.82000000,282.11692000,1656134099999,5993799.84435830,6022,134.98036000,2867360.31506650,0
1656134100000,21279.83000000,21323.48000000,21269.58000000,21290.53000000,408.66064000,1656134999999,8703275.13746310,6834,199.02863000,4238549.09693480,0
1656135000000,21290.52000000,21320.17000000,21255.96000000,21268.70000000,420.46077000,1656135899999,8951182.44371320,7709,168.44389000,3585076.17882450,0
1656135900000,21268.69000000,21312.33000000,21214.59000000,21216.88000000,342.84055000,1656136799999,7291620.62454200,6638,110.58826000,2353268.32443640,0
1656136800000,21216.87000000,21245.96000000,21180.40000000,21245.95000000,459.55694000,1656137699999,9745871.16439050,7789,240.89237000,5108522.51399910,0
1656137700000,21245.96000000,21265.08000000,21201.06000000,21206.90000000,483.99599000,1656138599999,10275495.35128300,6916,196.82250000,4178506.58501390,0
1656138600000,21206.90000000,21299.16000000,21206.89000000,21287.78000000,405.53614000,1656139499999,8620190.77592310,6565,177.50239000,3772169.00790420,0
1656139500000,21287.78000000,21308.08000000,21253.40000000,21303.62000000,368.42793000,1656140399999,7844120.91362830,6456,151.08376000,3216597.12465510,0
1656140400000,21303.61000000,21520.00000000,21297.93000000,21464.02000000,1440.39522000,1656141299999,30857745.85557460,18128,828.00375000,17734182.87512550,0
1656141300000,21464.02000000,21525.00000000,21460.00000000,21497.59000000,767.84684000,1656142199999,16501549.48304800,11359,409.69500000,8803765.05035700,0
1656142200000,21497.59000000,21614.50000000,21447.55000000,21458.31000000,1392.89486000,1656143099999,29966983.33400200,16341,640.81279000,13788352.78476200,0
1656143100000,21458.30000000,21518.30000000,21406.89000000,21508.13000000,620.81514000,1656143999999,13330774.80751820,11330,325.71465000,6994134.69357710,0
1656144000000,21508.09000000,21555.71000000,21446.55000000,21446.80000000,547.85406000,1656144899999,11782861.26470410,8860,252.43846000,5429571.93025280,0
1656144900000,21446.80000000,21489.28000000,21418.02000000,21462.96000000,464.29531000,1656145799999,9960471.10980480,7684,238.30753000,5112215.82622810,0
1656145800000,21462.96000000,21463.00000000,21353.97000000,21395.92000000,770.69362000,1656146699999,16492381.91534040,10016,246.74910000,5281661.35939510,0
1656146700000,21395.92000000,21445.72000000,21394.47000000,21395.38000000,310.12720000,1656147599999,6641489.17767980,6239,158.75203000,3399927.08804170,0
1656147600000,21395.37000000,21428.61000000,21358.88000000,21414.92000000,343.73425000,1656148499999,7353326.16266400,6628,164.02681000,3509226.39990470,0
1656148500000,21414.92000000,21478.00000000,21399.95000000,21446.64000000,272.07527000,1656149399999,5834251.26763810,6052,154.51757000,3313312.31242110,0
1656149400000,21446.64000000,21500.39000000,21446.63000000,21493.93000000,386.25917000,1656150299999,8295784.37716040,6725,263.43989000,5658070.10393810,0
1656150300000,21493.93000000,21493.94000000,21401.21000000,21432.69000000,341.26434000,1656151199999,7311124.18090980,7237,154.82163000,3316288.53959390,0
1656151200000,21432.69000000,21477.13000000,21417.75000000,21476.93000000,264.80628000,1656152099999,5678877.24246640,5680,144.70784000,3103242.92695170,0
1656152100000,21476.93000000,21484.47000000,21385.14000000,21412.07000000,443.76640000,1656152999999,9506117.65781640,7643,191.45387000,4100653.69163760,0
1656153000000,21412.06000000,21432.64000000,21391.09000000,21428.95000000,261.57654000,1656153899999,5599032.75763250,5771,118.15625000,2529196.58439340,0
1656153900000,21428.95000000,21457.67000000,21408.73000000,21433.15000000,192.80996000,1656154799999,4132397.49566660,4852,101.78764000,2181511.50881030,0
1656154800000,21433.16000000,21461.43000000,21409.35000000,21461.10000000,267.49198000,1656155699999,5734191.31051820,6029,134.92551000,2892467.08432240,0
1656155700000,21461.10000000,21475.00000000,21420.00000000,21460.19000000,268.29859000,1656156599999,5756533.31733040,6082,129.35535000,2775419.46812530,0
1656156600000,21460.19000000,21464.32000000,21360.53000000,21380.86000000,537.52274000,1656157499999,11493361.87983170,9369,266.15393000,5689631.22042230,0
1656157500000,21380.85000000,21385.13000000,21318.63000000,21340.22000000,551.38143000,1656158399999,11767059.09323460,9055,247.39311000,5278982.75416250,0
1656158400000,21340.22000000,21372.89000000,21258.46000000,21285.14000000,782.00775000,1656159299999,16658694.70202530,10816,410.71792000,8747181.37646390,0
1656159300000,21285.15000000,21298.00000000,21075.83000000,21126.29000000,1911.28587000,1656160199999,40473868.72412010,24952,869.23652000,18405473.46599440,0
1656160200000,21126.29000000,21168.00000000,21031.92000000,21158.20000000,1339.70597000,1656161099999,28261139.50216990,20427,655.61251000,13830999.88329970,0
1656161100000,21158.20000000,21219.77000000,21100.00000000,21147.94000000,683.24424000,1656161999999,14448223.46068650,12368,361.90985000,7653629.01653200,0
1656162000000,21147.95000000,21188.64000000,21070.93000000,21160.00000000,863.26068000,1656162899999,18237856.56196810,14555,473.08648000,9995006.48447640,0
1656162900000,21160.01000000,21206.54000000,21139.82000000,21206.54000000,661.40808000,1656163799999,14002187.46531100,9052,282.63077000,5982509.48658880,0
1656163800000,21206.54000000,21245.77000000,21165.25000000,21221.56000000,834.74032000,1656164699999,17702359.11008930,11333,386.64766000,8199051.25563920,0
1656164700000,21221.56000000,21225.04000000,21121.29000000,21165.45000000,430.40524000,1656165599999,9115823.48940070,8495,190.87423000,4042957.63579010,0
1656165600000,21165.45000000,21216.06000000,21121.65000000,21199.95000000,469.42510000,1656166499999,9934050.38679160,8693,232.52100000,4920592.98466550,0
1656166500000,21199.95000000,21223.21000000,21082.95000000,21090.75000000,733.45358000,1656167399999,15508804.25004350,10552,325.03829000,6874087.36556460,0
1656167400000,21090.75000000,21155.25000000,21080.00000000,21120.99000000,540.37767000,1656168299999,11412914.63822310,9158,255.08200000,5386331.45947620,0
1656168300000,21120.99000000,21172.30000000,21112.90000000,21128.90000000,396.69973000,1656169199999,8390390.46499100,7577,162.69579000,3440782.91302290,0
1656169200000,21128.90000000,21142.18000000,21085.09000000,21126.84000000,490.85814000,1656170099999,10361665.32843150,8511,266.09128000,5616792.36386470,0
1656170100000,21126.85000000,21165.10000000,21083.49000000,21156.45000000,362.61544000,1656170999999,7659918.86874600,7803,177.19173000,3742985.57909430,0
1656171000000,21156.45000000,21184.55000000,21140.00000000,21140.01000000,395.84759000,1656171899999,8378853.72670870,7731,201.13376000,4257352.66942070,0
1656171900000,21140.00000000,21140.97000000,20906.62000000,20961.89000000,1966.02149000,1656172799999,41266342.54638880,26325,870.54789000,18264990.78166410,0
1656172800000,20961.89000000,21031.92000000,20915.00000000,21025.05000000,760.04733000,1656173699999,15941986.02372580,12949,374.02264000,7844215.88239710,0
1656173700000,21025.04000000,21066.51000000,20979.30000000,20993.12000000,497.39624000,1656174599999,10459492.20814560,9426,240.39996000,5055014.03073080,0
1656174600000,20993.13000000,21070.00000000,20993.12000000,21047.17000000,387.23015000,1656175499999,8147561.90296550,7753,191.02087000,4018804.74917390,0
1656175500000,21047.18000000,21062.14000000,21029.99000000,21053.63000000,270.93706000,1656176399999,5703317.51981730,5571,134.97332000,2841432.12000280,0
1656176400000,21053.63000000,21081.63000000,21014.32000000,21067.09000000,385.77794000,1656177299999,8118352.75107470,7913,191.41710000,4028068.37037340,0
1656177300000,21067.09000000,21149.00000000,21046.02000000,21118.62000000,432.67858000,1656178199999,9130875.93650510,8671,207.92407000,4387421.95238330,0
1656178200000,21118.63000000,21164.21000000,21103.37000000,21110.88000000,438.26152000,1656179099999,9262822.23909890,8264,232.40013000,4911767.15338550,0
1656179100000,21110.88000000,21138.00000000,21076.96000000,21096.77000000,292.31034000,1656179999999,6169213.93159450,5922,126.67846000,2673667.62942280,0
1656180000000,21096.76000000,21107.40000000,21071.60000000,21076.10000000,243.09307000,1656180899999,5127403.10062470,5490,107.20384000,2261052.78963750,0
1656180900000,21076.10000000,21109.97000000,21043.75000000,21085.85000000,276.84717000,1656181799999,5836578.44656060,6332,130.00717000,2740543.82474630,0
1656181800000,21085.85000000,21149.00000000,21066.38000000,21125.08000000,273.64611000,1656182699999,5775720.83173190,6548,166.51934000,3514895.49779760,0
1656182700000,21125.09000000,21256.96000000,21104.38000000,21236.85000000,863.73438000,1656183599999,18309775.31117760,13027,482.30703000,10222748.28495050,0
1656183600000,21236.84000000,21271.62000000,21191.02000000,21234.20000000,557.98207000,1656184499999,11839718.99895530,9797,313.02116000,6642795.77272900,0
1656184500000,21234.20000000,21236.85000000,21165.18000000,21178.81000000,289.92391000,1656185399999,6145344.32430660,5842,150.58825000,3191230.93423670,0
1656185400000,21178.82000000,21196.08000000,21154.87000000,21190.11000000,246.80631000,1656186299999,5227277.81210070,5685,118.93264000,2518886.64053810,0
1656186300000,21190.12000000,21214.13000000,21168.72000000,21206.20000000,213.51086000,1656187199999,4525838.97441050,4622,107.01305000,2268311.81373190,0
1656187200000,21206.21000000,21222.24000000,21146.04000000,21190.56000000,296.80289000,1656188099999,6288081.34514770,6554,140.63193000,2979476.44747150,0
1656188100000,21190.56000000,21200.00000000,21150.97000000,21198.57000000,197.89877000,1656188999999,4191674.17646390,4897,91.13259000,1930125.15299640,0
1656189000000,21198.57000000,21202.24000000,21168.94000000,21202.00000000,271.30859000,1656189899999,5749482.41729530,4935,122.49387000,2595612.77703220,0
1656189900000,21202.00000000,21250.00000000,21194.83000000,21226.14000000,252.68902000,1656190799999,5363161.34007130,5441,133.03981000,2823241.68310240,0
1656190800000,21226.14000000,21381.75000000,21207.70000000,21355.65000000,947.82459000,1656191699999,20200320.83420620,13426,552.95437000,11783035.59920190,0
1656191700000,21355.66000000,21456.52000000,21341.60000000,21381.01000000,767.26008000,1656192599999,16415895.47199330,14231,392.84199000,8404519.40876910,0
1656192600000,21381.01000000,21516.61000000,21372.23000000,21462.26000000,679.53465000,1656193499999,14581139.17668290,13565,418.47370000,8979785.56296550,0
1656193500000,21462.25000000,21523.14000000,21432.28000000,21512.07000000,525.35424000,1656194399999,11282779.39734780,11579,296.05034000,6358680.27783100,0
1656194400000,21512.07000000,21526.41000000,21423.87000000,21431.71000000,891.99011000,1656195299999,19165715.79658510,12797,342.26637000,7352078.57166580,0
1656195300000,21431.71000000,21466.45000000,21390.68000000,21434.87000000,663.50059000,1656196199999,14218529.57390440,10806,308.78553000,6616828.66705440,0
1656196200000,21434.87000000,21490.00000000,21425.61000000,21452.89000000,410.00917000,1656197099999,8797592.53890470,7781,230.14724000,4938313.40954930,0
1656197100000,21452.88000000,21457.13000000,21416.21000000,21431.33000000,291.37387000,1656197999999,6246536.65026040,6643,157.84651000,3384015.90417000,0
1656198000000,21431.32000000,21495.81000000,21428.28000000,21473.98000000,437.47554000,1656198899999,9387766.27797270,7404,219.80682000,4716273.14104010,0
1656198900000,21473.98000000,21492.81000000,21442.27000000,21478.55000000,279.56688000,1656199799999,6002051.98179820,5648,143.62216000,3083334.54888980,0
1656199800000,21478.56000000,21479.99000000,21446.64000000,21474.83000000,275.68010000,1656200699999,5917959.77667260,4901,114.69842000,2461968.43301660,0
1656200700000,21474.83000000,21588.43000000,21441.79000000,21491.19000000,919.00045000,1656201599999,19771209.33924520,12932,532.74755000,11461861.25953110,0
1656201600000,21491.18000000,21544.49000000,21393.63000000,21395.85000000,649.86441000,1656202499999,13951994.88761110,11639,304.22608000,6530632.46856980,0
1656202500000,21395.86000000,21461.00000000,21394.29000000,21435.75000000,395.50017000,1656203399999,8473384.37664980,7909,194.08710000,4157774.11181720,0
1656203400000,21435.76000000,21478.22000000,21403.72000000,21451.81000000,298.74123000,1656204299999,6402058.95688090,6925,141.33293000,3028725.96255470,0
1656204300000,21451.82000000,21499.00000000,21440.00000000,21468.29000000,305.20907000,1656205199999,6554468.78022830,6861,135.20568000,2903286.41331410,0
1656205200000,21468.29000000,21535.00000000,21468.29000000,21534.97000000,345.90165000,1656206099999,7438008.84214140,6951,189.48736000,4074570.34735600,0
1656206100000,21534.98000000,21538.55000000,21460.00000000,21463.28000000,325.98220000,1656206999999,7009689.41302280,6634,147.72289000,3176689.16126580,0
1656207000000,21463.28000000,21463.28000000,21328.39000000,21371.99000000,783.67000000,1656207899999,16756144.27961630,13081,343.59017000,7344239.47571010,0
1656207900000,21372.00000000,21406.85000000,21352.80000000,21395.07000000,282.70834000,1656208799999,6046428.89878530,6268,138.05010000,2952435.26212280,0
1656208800000,21395.08000000,21421.06000000,21372.06000000,21373.20000000,268.91440000,1656209699999,5754445.38388640,5641,136.45241000,2919680.99025040,0
1656209700000,21373.20000000,21386.31000000,21356.66000000,21359.86000000,290.43223000,1656210599999,6207305.42507390,5259,127.06799000,2715646.52008110,0
1656210600000,21359.87000000,21397.78000000,21349.87000000,21381.36000000,413.67656000,1656211499999,8841627.67931400,6286,239.56997000,5120082.95493910,0
1656211500000,21381.36000000,21393.67000000,21282.13000000,21352.77000000,402.07797000,1656212399999,8577266.71453530,7914,210.45399000,4489579.37221110,0
1656212400000,21352.78000000,21377.02000000,21333.22000000,21370.53000000,186.08571000,1656213299999,3973395.80139120,4649,98.65285000,2106342.54883830,0
1656213300000,21370.53000000,21410.00000000,21360.10000000,21395.10000000,240.91665000,1656214199999,5150354.89727950,4822,133.58773000,2855726.25353100,0
1656214200000,21395.10000000,21451.25000000,21378.97000000,21419.57000000,326.06679000,1656215099999,6978842.65225920,5035,166.04183000,3554577.19198040,0
1656215100000,21419.57000000,21456.12000000,21409.98000000,21426.23000000,249.23641000,1656215999999,5340453.25666840,5144,120.86243000,2589903.24137940,0
1656216000000,21426.23000000,21449.23000000,21393.83000000,21396.80000000,288.37966000,1656216899999,6178022.36530440,5631,140.92835000,3019085.62114740,0
1656216900000,21396.81000000,21417.23000000,21359.57000000,21383.89000000,186.90435000,1656217799999,3999068.20385250,5497,83.49540000,1786283.43943600,0
1656217800000,21383.88000000,21448.48000000,21373.81000000,21443.23000000,260.16536000,1656218699999,5573590.66557310,5708,137.33251000,2942073.46381060,0
1656218700000,21443.23000000,21479.81000000,21424.81000000,21424.82000000,290.35728000,1656219599999,6230246.96630800,5433,164.09653000,3521172.65439410,0
1656219600000,21424.81000000,21465.22000000,21424.81000000,21462.31000000,304.35715000,1656220499999,6524275.99567030,4286,109.55486000,2348479.73506810,0
1656220500000,21462.30000000,21484.98000000,21443.14000000,21443.14000000,361.67052000,1656221399999,7763087.03533010,5378,149.74819000,3214071.83676720,0
1656221400000,21443.14000000,21452.18000000,21394.98000000,21394.99000000,123.84910000,1656222299999,2654887.31221830,4345,45.25357000,970185.18772920,0
1656222300000,21394.99000000,21454.15000000,21373.84000000,21442.01000000,239.97081000,1656223199999,5136549.58759250,5671,121.59498000,2602775.22089710,0
1656223200000,21442.01000000,21449.17000000,21399.00000000,21399.01000000,141.18996000,1656224099999,3026141.99756380,4170,71.28482000,1527896.50932570,0
1656224100000,21399.01000000,21432.17000000,21336.96000000,21423.38000000,636.68219000,1656224999999,13606780.11930410,8345,395.19105000,8446047.15937050,0
1656225000000,21423.39000000,21526.00000000,21415.36000000,21496.15000000,847.21561000,1656225899999,18202645.93393630,11869,462.34836000,9933040.06745350,0
1656225900000,21496.14000000,21500.72000000,21462.27000000,21476.19000000,326.02267000,1656226799999,7003739.87395550,6659,161.26390000,3464217.25661330,0
1656226800000,21476.19000000,21484.93000000,21417.45000000,21425.89000000,333.68184000,1656227699999,7157997.49349280,6915,177.06797000,3797835.75517170,0
1656227700000,21425.88000000,21450.82000000,21414.69000000,21431.58000000,216.42214000,1656228599999,4638285.86930830,5659,117.69924000,2522337.41110190,0
1656228600000,21431.58000000,21460.38000000,21380.93000000,21410.84000000,373.27527000,1656229499999,7997251.50100710,7841,175.34088000,3756720.87494140,0
1656229500000,21410.85000000,21411.83000000,21365.05000000,21396.52000000,317.23263000,1656230399999,6785667.03184560,6971,128.92842000,2757630.11200090,0
1656230400000,21396.52000000,21423.20000000,21384.99000000,21420.19000000,301.90589000,1656231299999,6463174.04917940,6087,133.38078000,2854898.51530080,0
1656231300000,21420.20000000,21456.89000000,21414.50000000,21418.10000000,441.91445000,1656232199999,9473754.97884210,6068,193.98106000,4158367.90817860,0
1656232200000,21418.11000000,21470.77000000,21385.01000000,21387.39000000,381.49764000,1656233099999,8180219.60127660,6458,173.31298000,3715761.89685360,0
1656233100000,21387.38000000,21469.98000000,21387.38000000,21453.21000000,316.22990000,1656233999999,6781367.57270620,6689,171.17820000,3669955.02485280,0
1656234000000,21453.22000000,21480.82000000,21390.00000000,21393.77000000,440.74718000,1656234899999,9451694.26717460,7567,197.76015000,4241145.49691120,0
1656234900000,21393.77000000,21440.00000000,21365.15000000,21401.29000000,363.63767000,1656235799999,7780857.32767880,7235,167.10970000,3575845.76159800,0
1656235800000,21401.30000000,21444.99000000,21390.34000000,21410.91000000,284.38313000,1656236699999,6090443.80280040,6273,137.71307000,2948752.25797790,0
1656236700000,21410.90000000,21423.02000000,21373.47000000,21414.83000000,323.30460000,1656237599999,6918047.09035190,7075,167.15523000,3576444.88288160,0
1656237600000,21414.84000000,21449.81000000,21393.77000000,21408.59000000,259.51079000,1656238499999,5558713.52650850,6030,125.43484000,2686577.40226740,0
1656238500000,21408.59000000,21443.95000000,21403.66000000,21409.40000000,225.45673000,1656239399999,4831536.45633250,5351,97.92244000,2098374.00749960,0
1656239400000,21409.40000000,21421.83000000,21382.00000000,21390.48000000,265.12373000,1656240299999,5673097.90091050,5848,140.74767000,3011560.08682920,0
1656240300000,21390.48000000,21433.41000000,21378.69000000,21417.86000000,280.64381000,1656241199999,6007537.45695050,5535,168.32994000,3603286.55987420,0
1656241200000,21417.87000000,21438.00000000,21404.40000000,21431.40000000,170.18246000,1656242099999,3645302.64696220,4841,75.89651000,1625668.46410810,0
1656242100000,21431.39000000,21444.97000000,21414.83000000,21414.84000000,195.40521000,1656242999999,4187399.27823040,4392,93.91373000,2012425.12225470,0
1656243000000,21414.83000000,21570.00000000,21398.90000000,21532.52000000,1146.57171000,1656243899999,24657150.51267770,14697,645.16942000,13875750.26084240,0
1656243900000,21532.51000000,21777.00000000,21502.79000000,21708.60000000,2462.12149000,1656244799999,53339572.55508680,30644,1456.20851000,31542322.78967340,0
1656244800000,21708.60000000,21888.00000000,21650.21000000,21796.84000000,2450.94624000,1656245699999,53354073.93090340,29858,1244.87551000,27100732.95607970,0
1656245700000,21796.84000000,21845.73000000,21583.11000000,21586.94000000,1637.30446000,1656246599999,35528918.07984700,22871,667.50950000,14484855.68469100,0
1656246600000,21586.94000000,21701.60000000,21586.93000000,21636.27000000,1111.77746000,1656247499999,24066563.73081230,15100,573.90913000,12419038.78745050,0
1656247500000,21636.26000000,21679.19000000,21413.57000000,21456.36000000,1788.81042000,1656248399999,38487327.65593290,21844,899.77421000,19348334.10349630,0
1656248400000,21456.37000000,21486.75000000,21307.09000000,21387.19000000,1930.16781000,1656249299999,41274695.55482320,22761,890.02288000,19032358.41869180,0
1656249300000,21387.18000000,21435.43000000,21341.10000000,21385.24000000,1024.63082000,1656250199999,21912281.64633250,13127,471.36028000,10082167.31558660,0
1656250200000,21385.23000000,21423.26000000,21327.00000000,21359.71000000,586.59075000,1656251099999,12540346.29143270,10431,265.63425000,5678106.72213120,0
1656251100000,21359.71000000,21412.27000000,21340.01000000,21408.93000000,1058.00953000,1656251999999,22608988.69661010,12791,555.67839000,11875354.55282640,0
1656252000000,21408.94000000,21456.12000000,21399.11000000,21408.42000000,431.11323000,1656252899999,9238516.82564940,9456,217.56605000,4661982.05711970,0
1656252900000,21408.42000000,21493.67000000,21395.87000000,21471.68000000,357.89551000,1656253799999,7673743.11600890,8363,179.52876000,3849199.47443450,0
1656253800000,21471.68000000,21490.00000000,21414.79000000,21436.51000000,399.28435000,1656254699999,8562709.27269380,9166,189.33340000,4060464.42969060,0
1656254700000,21436.52000000,21450.95000000,21403.46000000,21411.58000000,239.91704000,1656255599999,5139899.59727840,6262,117.77295000,2522831.33617830,0
1656255600000,21411.58000000,21416.72000000,21210.46000000,21276.42000000,1901.90346000,1656256499999,40464290.80053550,23166,916.64629000,19497640.30760640,0
1656256500000,21276.42000000,21279.80000000,21197.12000000,21277.06000000,775.61665000,1656257399999,16473780.39218990,11719,300.81439000,6390412.29456760,0
1656257400000,21277.07000000,21339.26000000,21241.37000000,21313.57000000,689.19317000,1656258299999,14676343.86838570,10057,377.18185000,8031541.84223200,0
1656258300000,21313.58000000,21346.31000000,21301.47000000,21326.11000000,346.97221000,1656259199999,7400061.98903070,7553,187.56236000,4000260.68949260,0
1656259200000,21325.98000000,21344.00000000,21278.06000000,21292.76000000,490.85184000,1656260099999,10460618.49603070,9600,232.25803000,4949567.80163160,0
1656260100000,21292.77000000,21386.69000000,21273.77000000,21361.74000000,434.82848000,1656260999999,9278697.01681020,9271,220.04856000,4695220.61658920,0
1656261000000,21361.75000000,21445.88000000,21350.61000000,21393.76000000,465.55536000,1656261899999,9958757.24986320,8896,268.55563000,5744558.88142040,0
1656261900000,21393.75000000,21414.13000000,21327.48000000,21352.02000000,317.32503000,1656262799999,6781586.39026230,7984,141.18291000,3016896.06998570,0
1656262800000,21352.03000000,21366.59000000,21287.35000000,21318.58000000,497.28517000,1656263699999,10605226.66179050,8116,212.79352000,4538169.59160040,0
1656263700000,21318.58000000,21333.63000000,21128.41000000,21204.33000000,909.88157000,1656264599999,19318725.34780660,14973,396.00705000,8407352.29050810,0
1656264600000,21204.33000000,21238.26000000,21154.00000000,21229.99000000,525.59790000,1656265499999,11139711.30995980,10089,249.28862000,5283470.33180520,0
1656265500000,21229.99000000,21280.45000000,21217.32000000,21260.66000000,388.89304000,1656266399999,8265658.18390920,7205,209.93521000,4461808.25166830,0
1656266400000,21260.66000000,21269.01000000,21164.43000000,21169.80000000,584.48670000,1656267299999,12396837.21063840,9437,234.96181000,4982531.46054070,0
1656267300000,21169.81000000,21217.85000000,21115.30000000,21192.14000000,732.89501000,1656268199999,15516069.67484820,11170,292.44895000,6191723.92155950,0
1656268200000,21192.13000000,21223.20000000,21160.71000000,21215.06000000,345.66477000,1656269099999,7327229.88387300,7666,188.98671000,4005502.43829810,0
1656269100000,21215.07000000,21230.01000000,21154.55000000,21186.64000000,479.52543000,1656269999999,10165888.09040410,6593,167.11454000,3544053.82186730,0
1656270000000,21186.64000000,21273.20000000,21182.62000000,21255.11000000,439.09860000,1656270899999,9323901.44612070,7603,275.93152000,5858796.53977840,0
1656270900000,21255.11000000,21296.29000000,21255.11000000,21269.56000000,250.30641000,1656271799999,5324027.08840670,5802,123.78671000,2633195.72543470,0
1656271800000,21269.57000000,21285.66000000,21236.86000000,21236.87000000,186.53323000,1656272699999,3966684.87931640,4539,80.46850000,1711256.65286860,0
1656272700000,21236.87000000,21309.09000000,21235.88000000,21283.60000000,309.37772000,1656273599999,6583113.53631720,5877,175.07199000,3724840.02534070,0
1656273600000,21283.60000000,21309.97000000,21278.79000000,21291.11000000,160.67476000,1656274499999,3421172.65423210,4847,78.10741000,1662981.03244790,0
1656274500000,21291.10000000,21294.70000000,21236.86000000,21253.11000000,259.90770000,1656275399999,5525302.56435000,5235,118.64749000,2522110.21626240,0
1656275400000,21253.10000000,21332.00000000,21250.00000000,21305.79000000,306.34319000,1656276299999,6526596.89432350,6434,169.01700000,3600850.18161600,0
1656276300000,21305.79000000,21425.00000000,21300.91000000,21401.73000000,678.37929000,1656277199999,14498088.18892460,11740,368.95406000,7884405.07468180,0
1656277200000,21401.73000000,21421.88000000,21340.44000000,21375.34000000,337.04885000,1656278099999,7206622.60853860,7701,174.65511000,3734235.40078430,0
1656278100000,21375.34000000,21384.00000000,21327.52000000,21354.92000000,258.24856000,1656278999999,5513126.71540150,6915,120.58601000,2574193.69995550,0
1656279000000,21354.93000000,21400.00000000,21334.61000000,21384.07000000,271.88678000,1656279899999,5810518.26155870,6369,167.99996000,3590651.51313300,0
1656279900000,21384.07000000,21416.74000000,21358.71000000,21381.85000000,272.37265000,1656280799999,5823364.64123580,6254,141.65093000,3028476.48669310,0
1656280800000,21381.86000000,21403.05000000,21271.15000000,21302.76000000,793.32886000,1656281699999,16921871.29352640,12754,381.11349000,8128330.09411860,0
1656281700000,21302.77000000,21303.60000000,21066.12000000,21093.00000000,1531.88057000,1656282599999,32421584.16702360,21971,705.94417000,14939282.96538500,0
1656282600000,21093.00000000,21100.88000000,20964.73000000,21021.08000000,1618.54876000,1656283499999,34028425.52121810,22746,668.64249000,14058558.35926300,0
1656283500000,21021.07000000,21157.76000000,20998.27000000,21143.78000000,964.50096000,1656284399999,20307563.37205770,15240,483.20480000,10174176.14242730,0
1656284400000,21143.78000000,21235.73000000,21105.77000000,21157.05000000,787.54721000,1656285299999,16666269.89710930,12470,365.24280000,7728972.06424820,0
1656285300000,21157.06000000,21168.18000000,21094.54000000,21153.16000000,548.74093000,1656286199999,11597002.96048630,8962,268.21592000,5667844.98980220,0
1656286200000,21153.15000000,21164.81000000,20971.59000000,20997.16000000,868.65993000,1656287099999,18301640.67280170,13065,343.75814000,7241968.18676280,0
1656287100000,20997.16000000,21074.80000000,20987.94000000,21038.07000000,660.79955000,1656287999999,13899965.61402780,11071,358.67871000,7544410.90223320,0
1656288000000,21038.08000000,21092.58000000,20975.97000000,21012.52000000,945.93172000,1656288899999,19897921.50123250,14134,468.57978000,9854777.33807180,0
1656288900000,21012.52000000,21119.29000000,20991.20000000,21067.27000000,704.32354000,1656289799999,14827592.37511770,10508,383.60507000,8077671.03386130,0
1656289800000,21067.27000000,21117.18000000,21026.90000000,21074.25000000,470.56784000,1656290699999,9916464.61902280,9183,217.33954000,4579002.84975490,0
1656290700000,21074.25000000,21090.90000000,20987.00000000,21048.72000000,872.89847000,1656291599999,18361554.44872510,12290,391.12038000,8227262.23361820,0
1656291600000,21048.71000000,21062.86000000,20926.01000000,20958.89000000,929.18684000,1656292499999,19512910.36783390,13036,438.88088000,9215023.64232950,0
1656292500000,20958.89000000,21137.86000000,20940.42000000,21109.74000000,1063.35490000,1656293399999,22389886.10247420,12874,580.91004000,12232573.64599090,0
1656293400000,21109.74000000,21123.97000000,21052.95000000,21058.52000000,485.36075000,1656294299999,10229226.77430060,7442,236.51634000,4984080.78108700,0
1656294300000,21058.53000000,21118.55000000,21047.06000000,21090.55000000,378.69753000,1656295199999,7981483.16429990,6650,203.32078000,4284616.37936600,0
1656295200000,21090.55000000,21116.56000000,21046.67000000,21053.58000000,339.89107000,1656296099999,7167610.88828940,6498,173.74271000,3663969.92204020,0
1656296100000,21053.59000000,21102.91000000,21053.58000000,21068.07000000,308.15630000,1656296999999,6496913.36482290,5212,157.38477000,3317950.37794130,0
1656297000000,21068.07000000,21190.10000000,21068.06000000,21145.77000000,936.25556000,1656297899999,19798344.76639590,12353,485.10931000,10256580.92943600,0
1656297900000,21145.78000000,21173.00000000,21115.00000000,21131.30000000,372.03996000,1656298799999,7864918.27736010,6212,181.97571000,3847013.79098040,0
1656298800000,21131.30000000,21186.70000000,21112.13000000,21165.70000000,360.70984000,1656299699999,7625014.35946670,6195,201.44417000,4258111.39184160,0
1656299700000,21165.70000000,21184.12000000,21130.29000000,21134.48000000,413.49513000,1656300599999,8747939.44011020,6355,201.86276000,4270566.98851060,0
1656300600000,21134.47000000,21156.30000000,21130.14000000,21137.38000000,263.75217000,1656301499999,5576631.18330680,4821,124.60289000,2634320.90325750,0
1656301500000,21137.38000000,21182.71000000,21121.87000000,21171.32000000,270.68934000,1656302399999,5726435.46292040,5079,139.05585000,2941443.11326320,0
1656302400000,21171.33000000,21179.12000000,21157.82000000,21177.94000000,301.81281000,1656303299999,6388913.93689620,5638,165.51752000,3503710.02075090,0
1656303300000,21177.94000000,21318.66000000,21149.09000000,21216.58000000,1260.29425000,1656304199999,26769120.17667650,12967,750.84317000,15947590.81589100,0
1656304200000,21216.59000000,21272.23000000,21214.75000000,21258.73000000,437.29099000,1656305099999,9288359.91842850,6228,237.39511000,5042129.18335860,0
1656305100000,21258.74000000,21259.67000000,21227.50000000,21246.58000000,217.58208000,1656305999999,4621993.57826960,4420,102.09978000,2168646.59128870,0
1656306000000,21246.58000000,21268.05000000,21229.58000000,21234.89000000,343.77792000,1656306899999,7303576.13579850,5048,187.67335000,3986892.72662970,0
1656306900000,21234.89000000,21251.20000000,21142.86000000,21160.55000000,592.93060000,1656307799999,12566983.79964700,7822,249.97456000,5297719.25993580,0
1656307800000,21160.55000000,21215.05000000,21154.00000000,21193.22000000,399.95492000,1656308699999,8474862.99772960,5544,205.31588000,4350538.44624660,0
1656308700000,21193.21000000,21220.01000000,21174.70000000,21182.60000000,257.11444000,1656309599999,5449407.95988420,5148,117.76503000,2495827.84203200,0
1656309600000,21182.60000000,21207.65000000,21166.42000000,21197.60000000,312.42280000,1656310499999,6617425.63361200,6175,159.86153000,3386004.28085080,0
1656310500000,21197.59000000,21235.15000000,21186.28000000,21192.34000000,206.29257000,1656311399999,4375006.09226590,4645,98.69875000,2093078.30556800,0
1656311400000,21192.34000000,21240.00000000,21187.42000000,21220.64000000,287.85008000,1656312299999,6107237.08700770,4978,144.79232000,3071800.74174360,0
1656312300000,21220.63000000,21278.50000000,21202.26000000,21267.60000000,343.98473000,1656313199999,7308933.74952110,5868,193.58048000,4113096.27351490,0
1656313200000,21267.59000000,21367.03000000,21260.00000000,21328.24000000,754.11540000,1656314099999,16071897.49169770,10562,418.42314000,8917579.57713690,0
1656314100000,21328.25000000,21404.52000000,21328.24000000,21387.66000000,728.05692000,1656314999999,15554813.41742740,10668,408.54232000,8728369.30571630,0
1656315000000,21387.66000000,21396.39000000,21339.19000000,21343.86000000,442.30998000,1656315899999,9446562.61455380,8510,200.19616000,4275492.29470450,0
1656315900000,21343.86000000,21363.23000000,21315.65000000,21363.22000000,401.31594000,1656316799999,8563180.18323420,8256,194.90144000,4158929.15792230,0
1656316800000,21363.23000000,21409.64000000,21363.22000000,21395.39000000,845.95007000,1656317699999,18094624.40648060,10778,331.82871000,7097358.75962170,0
1656317700000,21395.39000000,21405.77000000,21377.00000000,21384.11000000,471.51086000,1656318599999,10084513.99739070,6977,185.43680000,3965896.03056450,0
1656318600000,21384.11000000,21509.00000000,21338.50000000,21414.52000000,1197.95074000,1656319499999,25679967.11397330,15855,733.71156000,15733801.88301320,0
1656319500000,21414.53000000,21539.85000000,21393.13000000,21489.80000000,1058.54869000,1656320399999,22732404.45328180,11656,663.62834000,14256302.92570380,0
1656320400000,21489.81000000,21500.58000000,21427.83000000,21473.32000000,575.65295000,1656321299999,12351070.92371970,8858,274.60125000,5891479.21972280,0
1656321300000,21473.33000000,21474.39000000,21425.00000000,21436.31000000,421.68406000,1656322199999,9043920.73556030,6452,189.48680000,4063848.84653380,0
1656322200000,21436.30000000,21493.00000000,21422.97000000,21450.57000000,418.16474000,1656323099999,8969916.62138750,7214,223.78473000,4800221.62339050,0
1656323100000,21450.58000000,21492.31000000,21449.10000000,21454.57000000,415.76900000,1656323999999,8928222.64161370,6660,181.45643000,3896563.32673190,0
1656324000000,21454.58000000,21470.37000000,21393.94000000,21411.46000000,434.40463000,1656324899999,9308910.08395370,8839,168.34017000,3607567.86900390,0
1656324900000,21411.46000000,21492.42000000,21411.46000000,21449.91000000,558.07601000,1656325799999,11972929.85021140,8590,298.97770000,6412805.99070370,0
1656325800000,21449.91000000,21477.94000000,21430.61000000,21451.23000000,300.73852000,1656326699999,6451363.70444960,6415,154.40855000,3312324.25455330,0
1656326700000,21451.23000000,21459.08000000,21412.89000000,21437.18000000,397.29127000,1656327599999,8516385.71221790,6750,189.47523000,4061788.79923030,0
1656327600000,21437.18000000,21445.56000000,21380.02000000,21428.66000000,525.28810000,1656328499999,11246729.63145670,9626,277.31647000,5936870.82880830,0
1656328500000,21428.66000000,21450.00000000,21339.83000000,21376.49000000,477.24441000,1656329399999,10206890.12967800,9503,208.56099000,4459849.03047780,0
1656329400000,21376.48000000,21390.49000000,21315.78000000,21367.66000000,462.92611000,1656330299999,9884322.93278670,9430,215.71720000,4605558.03983700,0
1656330300000,21367.67000000,21376.00000000,21285.48000000,21304.55000000,470.24040000,1656331199999,10027091.01846630,8980,208.83666000,4453205.28267930,0
1656331200000,21304.56000000,21343.83000000,21264.00000000,21305.29000000,529.10295000,1656332099999,11272271.42496980,10059,275.65125000,5872482.13183980,0
1656332100000,21305.28000000,21315.58000000,21227.60000000,21233.71000000,676.80366000,1656332999999,14392069.68445000,11541,310.94457000,6611817.47530900,0
1656333000000,21233.70000000,21250.93000000,21197.79000000,21205.81000000,652.41104000,1656333899999,13849869.99570510,11232,321.06020000,6815256.53642940,0
1656333900000,21205.80000000,21238.30000000,21169.97000000,21235.84000000,973.02763000,1656334799999,20618179.49904990,14289,556.76299000,11798044.68768690,0
1656334800000,21235.84000000,21285.00000000,21194.44000000,21239.73000000,647.98455000,1656335699999,13762305.00903040,11840,356.05010000,7561633.51362980,0
1656335700000,21239.74000000,21277.07000000,21220.00000000,21256.35000000,471.52210000,1656336599999,10016207.53420860,9348,243.99589000,5182645.02599990,0
1656336600000,21256.35000000,21279.56000000,20811.31000000,20860.21000000,3810.41548000,1656337499999,80041699.33686120,45492,1654.80052000,34756227.96796450,0
1656337500000,20860.20000000,20876.58000000,20722.04000000,20737.81000000,2569.58710000,1656338399999,53447334.00884250,34168,1203.71003000,25035868.59186050,0
1656338400000,20737.82000000,20784.81000000,20590.00000000,20711.86000000,3298.83498000,1656339299999,68217210.03863850,39507,1680.28222000,34751041.91211400,0
1656339300000,20711.85000000,20760.75000000,20666.61000000,20680.00000000,1206.10882000,1656340199999,24971835.55246690,20578,611.72803000,12664525.68290780,0
1656340200000,20680.00000000,20744.99000000,20629.19000000,20682.41000000,1203.55522000,1656341099999,24893250.08012190,17288,519.69149000,10749598.17418940,0
1656341100000,20682.41000000,20845.37000000,20667.32000000,20820.51000000,1465.79044000,1656341999999,30454894.12600020,21895,729.65791000,15156331.22209220,0
1656342000000,20820.50000000,20851.51000000,20702.81000000,20722.01000000,986.06066000,1656342899999,20477483.76122340,16771,437.97375000,9094171.71178720,0
1656342900000,20722.01000000,20774.39000000,20675.11000000,20753.24000000,814.00232000,1656343799999,16872362.01568050,12432,410.72003000,8512889.15727400,0
1656343800000,20753.24000000,20821.32000000,20745.55000000,20807.65000000,693.66125000,1656344699999,14423701.70713710,12455,388.93959000,8087153.69355090,0
1656344700000,20807.65000000,20849.92000000,20743.56000000,20754.73000000,747.30250000,1656345599999,15533125.57839020,11799,373.67756000,7765832.58529790,0
1656345600000,20754.74000000,20762.57000000,20702.82000000,20705.01000000,515.15648000,1656346499999,10678313.95192400,10535,258.74095000,5363323.30257430,0
1656346500000,20705.00000000,20729.74000000,20660.01000000,20722.46000000,574.58214000,1656347399999,11896668.92910130,10571,288.72652000,5977753.72460440,0
1656347400000,20722.46000000,20775.83000000,20700.00000000,20771.52000000,583.80669000,1656348299999,12110205.20066000,9696,283.40836000,5878011.17621070,0
1656348300000,20771.52000000,20811.68000000,20711.28000000,20759.66000000,591.80753000,1656349199999,12293389.09494760,10413,247.16428000,5134105.49607730,0
1656349200000,20759.65000000,20772.76000000,20723.92000000,20770.86000000,415.20713000,1656350099999,8615989.71442640,7966,196.99131000,4087454.82516820,0
1656350100000,20770.87000000,20783.66000000,20721.95000000,20732.60000000,364.56853000,1656350999999,7565989.38994100,7050,171.72511000,3563587.35083980,0
1656351000000,20732.59000000,20750.00000000,20700.11000000,20723.71000000,333.21577000,1656351899999,6906400.99582830,7318,167.49663000,3471384.70235510,0
1656351900000,20723.70000000,20756.46000000,20700.77000000,20726.78000000,280.78992000,1656352799999,5818837.26381130,6254,128.75280000,2668214.71986590,0
1656352800000,20726.77000000,20828.06000000,20510.00000000,20748.30000000,2426.49881000,1656353699999,50152250.97075020,27772,1209.96397000,25021918.34789600,0
1656353700000,20748.30000000,20945.00000000,20747.46000000,20884.08000000,1720.75158000,1656354599999,35922514.01927470,23139,885.67516000,18489990.64288580,0
1656354600000,20884.09000000,20932.70000000,20877.05000000,20883.31000000,622.61510000,1656355499999,13014873.14929200,9444,288.28300000,6026178.97386470,0
1656355500000,20883.32000000,20883.32000000,20775.00000000,20821.05000000,572.97384000,1656356399999,11930499.83643620,11405,253.58452000,5279693.57523700,0
1656356400000,20821.05000000,20823.08000000,20723.34000000,20782.23000000,810.83559000,1656357299999,16842201.39210510,13784,396.21905000,8230042.56120830,0
1656357300000,20782.24000000,20870.00000000,20768.13000000,20855.65000000,423.12424000,1656358199999,8806744.21134840,8647,218.89808000,4556599.61030250,0
1656358200000,20855.64000000,20894.22000000,20806.58000000,20868.56000000,505.37517000,1656359099999,10535743.11147370,9094,242.68619000,5059133.92915890,0
1656359100000,20868.55000000,20889.54000000,20846.40000000,20855.37000000,378.16178000,1656359999999,7892140.36322320,7622,178.77279000,3730584.83879240,0
1656360000000,20855.38000000,20966.73000000,20855.37000000,20924.37000000,489.75547000,1656360899999,10242792.05029460,8742,268.03795000,5604797.34792770,0
1656360900000,20924.37000000,20957.50000000,20922.07000000,20935.67000000,309.89635000,1656361799999,6487852.94831260,5649,166.30699000,3481752.22240300,0
1656361800000,20935.67000000,20955.44000000,20866.75000000,20909.99000000,523.30978000,1656362699999,10948414.71331650,7144,258.87196000,5416030.15115250,0
1656362700000,20909.99000000,20925.75000000,20883.50000000,20913.56000000,290.98034000,1656363599999,6085678.57331160,5817,133.42069000,2790255.89548790,0
1656363600000,20913.57000000,20916.90000000,20878.79000000,20899.05000000,282.38997000,1656364499999,5900993.23812280,5865,140.52425000,2936260.45903040,0
1656364500000,20899.06000000,20899.79000000,20851.10000000,20863.09000000,320.71646000,1656365399999,6693759.29163690,6848,160.41373000,3348240.07081300,0
1656365400000,20863.09000000,20890.51000000,20820.13000000,20823.21000000,224.15277000,1656366299999,4675131.61744660,7143,110.57927000,2306463.25766500,0
1656366300000,20823.22000000,20856.62000000,20783.15000000,20803.24000000,266.35522000,1656367199999,5546677.97851490,6879,122.54500000,2551798.32826630,0
1656367200000,20803.25000000,20950.00000000,20762.80000000,20886.65000000,574.25032000,1656368099999,11977831.09163960,11265,310.95549000,6486036.08121910,0
1656368100000,20886.64000000,20948.66000000,20792.13000000,20799.44000000,1192.26110000,1656368999999,24881992.73187030,16280,565.05656000,11791330.15295080,0
1656369000000,20799.44000000,20850.00000000,20782.48000000,20849.40000000,425.83823000,1656369899999,8864249.39297630,7200,220.43850000,4588250.33585950,0
1656369900000,20849.41000000,20873.22000000,20805.55000000,20814.42000000,360.41764000,1656370799999,7508795.68805140,6526,176.88477000,3684935.11658020,0
1656370800000,20814.42000000,20860.00000000,20810.00000000,20856.74000000,276.65005000,1656371699999,5763849.64842270,5275,141.02200000,2937894.98759860,0
1656371700000,20856.74000000,20887.99000000,20826.66000000,20854.52000000,345.72496000,1656372599999,7211301.49731190,6151,172.08592000,3588995.50949160,0
1656372600000,20854.52000000,20858.59000000,20718.28000000,20733.35000000,692.18715000,1656373499999,14370426.26482770,10627,332.47111000,6901376.97496300,0
1656373500000,20733.35000000,20777.43000000,20680.00000000,20742.56000000,600.61654000,1656374399999,12454532.34213200,9497,293.51225000,6085756.21707970,0
1656374400000,20742.57000000,20838.21000000,20727.40000000,20834.91000000,764.58141000,1656375299999,15882299.96924910,11519,428.61031000,8902918.43513290,0
1656375300000,20834.90000000,20873.82000000,20802.08000000,20849.44000000,477.92787000,1656376199999,9961450.28479740,8687,246.32539000,5133836.56940070,0
1656376200000,20849.43000000,20857.09000000,20684.00000000,20708.90000000,915.01628000,1656377099999,18999525.67939260,12797,404.36077000,8393989.44755930,0
1656377100000,20708.90000000,20772.60000000,20700.82000000,20770.50000000,462.84540000,1656377999999,9598285.42288300,7479,245.23247000,5085104.85303840,0
1656378000000,20770.50000000,20814.70000000,20752.10000000,20799.57000000,409.19986000,1656378899999,8507499.28247910,7507,186.99909000,3887938.55479340,0
1656378900000,20799.21000000,20799.57000000,20650.01000000,20662.22000000,723.07289000,1656379799999,14980742.57062970,10530,306.62621000,6351862.44442280,0
1656379800000,20662.22000000,20706.13000000,20641.02000000,20683.38000000,764.54802000,1656380699999,15805824.09580780,10932,387.62191000,8013049.08496570,0
1656380700000,20683.37000000,20690.32000000,20553.04000000,20619.45000000,977.97287000,1656381599999,20176189.90634480,14854,444.39393000,9165992.10812590,0
1656381600000,20619.44000000,20684.39000000,20510.00000000,20582.01000000,1046.35259000,1656382499999,21556078.53613920,14505,456.23437000,9400444.23884280,0
1656382500000,20582.01000000,20642.57000000,20557.93000000,20597.61000000,743.13018000,1656383399999,15306869.70423920,11760,344.88290000,7103391.22360500,0
1656383400000,20597.60000000,20625.02000000,20541.91000000,20577.80000000,812.57140000,1656384299999,16727986.71450920,12159,301.44297000,6203868.71449410,0
1656384300000,20577.79000000,20648.67000000,20548.96000000,20640.98000000,507.05957000,1656385199999,10454404.34523510,9087,259.42085000,5347986.30881140,0
1656385200000,20640.99000000,20699.00000000,20630.98000000,20675.13000000,474.54002000,1656386099999,9805592.07357770,7804,265.50211000,5485681.43996450,0
1656386100000,20675.14000000,20700.00000000,20646.69000000,20690.38000000,381.46905000,1656386999999,7885813.05362960,7158,193.75108000,4005159.25434440,0
1656387000000,20690.38000000,20743.98000000,20678.00000000,20728.84000000,453.75909000,1656387899999,9398892.51384390,8457,255.40015000,5289806.62597470,0
1656387900000,20728.84000000,20758.16000000,20713.29000000,20735.03000000,348.69429000,1656388799999,7228460.30960960,7549,190.07430000,3939996.61338110,0
1656388800000,20735.03000000,20778.49000000,20703.30000000,20718.97000000,415.63875000,1656389699999,8619249.97312960,8152,208.69466000,4327927.23482600,0
1656389700000,20718.96000000,20780.00000000,20716.00000000,20734.48000000,351.10345000,1656390599999,7281710.81029610,5745,190.27223000,3945852.19386790,0
1656390600000,20734.48000000,20795.09000000,20734.47000000,20765.74000000,385.92473000,1656391499999,8012922.28590030,6396,211.95773000,4400643.13570810,0
1656391500000,20765.73000000,20792.26000000,20762.07000000,20771.57000000,233.35372000,1656392399999,4847527.01165730,5156,105.35820000,2188589.21650910,0
1656392400000,20771.58000000,20788.60000000,20747.70000000,20751.25000000,291.29000000,1656393299999,6049564.59850450,5668,129.18198000,2682854.48181090,0
1656393300000,20751.25000000,20829.10000000,20751.24000000,20798.49000000,547.24939000,1656394199999,11380816.93215100,8682,317.15295000,6595012.36955890,0
1656394200000,20798.48000000,20808.52000000,20769.66000000,20785.51000000,309.08254000,1656395099999,6425481.66515610,5631,129.43220000,2690550.86750360,0
1656395100000,20785.52000000,20793.72000000,20735.42000000,20741.30000000,318.89181000,1656395999999,6623681.65408080,5919,148.23851000,3078914.37400290,0
1656396000000,20741.29000000,20858.00000000,20741.29000000,20831.59000000,603.11385000,1656396899999,12551957.09976500,8889,339.38709000,7063786.70954250,0
1656396900000,20831.59000000,20888.00000000,20820.09000000,20875.49000000,563.67670000,1656397799999,11754598.02539310,9872,290.27893000,6053400.01505760,0
1656397800000,20875.49000000,20875.50000000,20822.43000000,20841.03000000,271.52583000,1656398699999,5661127.69415230,6988,120.50646000,2512279.90096610,0
1656398700000,20841.03000000,20900.00000000,20841.02000000,20862.65000000,422.15456000,1656399599999,8811981.68598670,9266,218.25565000,4555584.44668170,0
1656399600000,20862.64000000,20933.00000000,20862.64000000,20919.57000000,731.88747000,1656400499999,15298513.25814270,13385,395.44005000,8265208.36243270,0
1656400500000,20919.56000000,20925.26000000,20860.48000000,20878.94000000,356.68056000,1656401399999,7454145.45050030,7890,152.24169000,3181749.01269160,0
1656401400000,20878.94000000,20910.90000000,20857.83000000,20870.18000000,375.41672000,1656402299999,7840983.67383710,6600,169.04813000,3530601.90627690,0
1656402300000,20870.18000000,20883.00000000,20830.43000000,20879.39000000,455.58977000,1656403199999,9502285.65380800,7986,185.40233000,3867173.54366980,0
1656403200000,20879.39000000,20946.91000000,20870.01000000,20908.67000000,515.73705000,1656404099999,10781537.13029660,8607,277.72683000,5805701.12343270,0
1656404100000,20908.66000000,20912.33000000,20873.05000000,20890.66000000,354.06619000,1656404999999,7396224.93487360,6849,144.13402000,3010729.21890550,0
1656405000000,20890.67000000,20946.40000000,20870.63000000,20940.11000000,469.59508000,1656405899999,9820227.46790010,8088,242.84977000,5079042.83715950,0
1656405900000,20940.11000000,21150.29000000,20930.65000000,21119.32000000,2635.07863000,1656406799999,55486067.50125000,28715,1299.49921000,27354236.13160110,0
1656406800000,21119.32000000,21212.10000000,21116.72000000,21168.17000000,1433.60052000,1656407699999,30347003.68788710,20381,652.24550000,13806915.83266020,0
1656407700000,21168.16000000,21191.65000000,21122.25000000,21145.81000000,706.54013000,1656408599999,14952195.76406700,9525,291.57438000,6170543.19379670,0
1656408600000,21145.81000000,21154.00000000,21058.51000000,21059.98000000,764.88288000,1656409499999,16154215.73335400,10502,344.97910000,7286474.81879160,0
1656409500000,21059.99000000,21116.97000000,21046.89000000,21060.10000000,479.97322000,1656410399999,10119597.88986830,8345,225.30194000,4749570.84978540,0
1656410400000,21060.10000000,21066.59000000,21041.77000000,21045.59000000,369.72174000,1656411299999,7784138.00817900,7571,164.73711000,3468358.89587110,0
1656411300000,21045.58000000,21081.37000000,21015.66000000,21063.33000000,434.19471000,1656412199999,9139059.62537160,8596,213.66343000,4497215.86265280,0
1656412200000,21063.33000000,21090.70000000,20998.04000000,20999.98000000,386.78108000,1656413099999,8145769.83633680,7817,181.02709000,3812944.56309540,0
1656413100000,20999.99000000,21041.65000000,20994.87000000,21023.26000000,403.75490000,1656413999999,8487044.69806630,7960,197.84792000,4158807.67362890,0
1656414000000,21023.25000000,21036.90000000,20904.74000000,20998.87000000,846.93104000,1656414899999,17759380.55734290,12319,343.34568000,7199243.29895640,0
1656414900000,20998.86000000,21046.32000000,20957.99000000,21032.54000000,431.51508000,1656415799999,9057652.86187180,8835,240.38040000,5045726.13507140,0
1656415800000,21032.54000000,21086.87000000,21014.01000000,21046.61000000,477.47860000,1656416699999,10049670.93831600,8655,244.85098000,5152931.67403910,0
1656416700000,21046.60000000,21069.43000000,20997.29000000,20998.13000000,438.80974000,1656417599999,9227473.23487070,7911,201.32678000,4233415.06705520,0
1656417600000,20998.14000000,21062.04000000,20996.13000000,21054.15000000,426.80760000,1656418499999,8976797.96228390,8548,232.99101000,4900450.98652700,0
1656418500000,21054.14000000,21128.88000000,20971.16000000,20983.99000000,846.63379000,1656419399999,17825436.07986080,15222,459.51040000,9673955.11186500,0
1656419400000,20983.99000000,21037.11000000,20944.04000000,21026.91000000,513.12378000,1656420299999,10774802.94100110,9964,243.69818000,5116808.95553410,0
1656420300000,21026.91000000,21033.74000000,20953.30000000,20953.31000000,400.47425000,1656421199999,8405527.10470950,8401,159.73486000,3352454.80633420,0
1656421200000,20953.31000000,20980.09000000,20869.20000000,20969.19000000,1086.72833000,1656422099999,22749665.97080960,15018,553.91891000,11596220.92383520,0
1656422100000,20969.20000000,21030.75000000,20969.19000000,21005.29000000,624.22635000,1656422999999,13108144.03902460,9856,371.83451000,7806991.97870560,0
1656423000000,21005.28000000,21129.19000000,20987.83000000,21097.18000000,1624.86534000,1656423899999,34248791.61406190,20162,918.27180000,19355382.48043300,0
1656423900000,21097.18000000,21128.30000000,21025.44000000,21058.34000000,755.40918000,1656424799999,15917277.49902350,13827,397.36147000,8373179.54055440,0
1656424800000,21058.34000000,21088.95000000,20945.00000000,20967.95000000,813.29492000,1656425699999,17081348.56425540,14174,336.09768000,7059274.54707950,0
1656425700000,20967.94000000,20971.23000000,20839.94000000,20839.99000000,1169.47345000,1656426599999,24434500.08473560,16533,480.46612000,10038892.89679380,0
1656426600000,20840.00000000,20846.37000000,20716.67000000,20785.75000000,1463.52503000,1656427499999,30408888.12932750,20920,657.04616000,13649997.63089690,0
1656427500000,20785.76000000,20854.08000000,20744.57000000,20845.08000000,956.17565000,1656428399999,19876790.45804210,16001,481.97376000,10018965.93742610,0
1656428400000,20845.09000000,20845.09000000,20765.00000000,20809.20000000,545.17870000,1656429299999,11344446.53842830,10363,245.70920000,5112916.52266300,0
1656429300000,20809.19000000,20809.56000000,20650.00000000,20686.78000000,1032.31099000,1656430199999,21382221.43975930,16580,419.33780000,8685673.95176140,0
1656430200000,20686.78000000,20714.32000000,20625.00000000,20631.98000000,851.05878000,1656431099999,17595460.02831140,14847,440.63813000,9108549.67364260,0
1656431100000,20631.99000000,20675.25000000,20588.00000000,20606.40000000,1068.11890000,1656431999999,22032304.26136280,16216,456.53129000,9417128.94278540,0
1656432000000,20606.40000000,20739.93000000,20552.00000000,20649.32000000,1373.04323000,1656432899999,28328212.42109150,19893,674.86176000,13927759.53955150,0
1656432900000,20649.32000000,20714.04000000,20620.00000000,20698.03000000,567.25017000,1656433799999,11724130.05541500,12167,314.97729000,6509772.26766820,0
1656433800000,20698.02000000,20771.80000000,20674.23000000,20745.00000000,621.38604000,1656434699999,12876987.87445330,13178,295.02940000,6113290.01646630,0
1656434700000,20745.00000000,20768.01000000,20694.39000000,20715.58000000,533.06365000,1656435599999,11046934.57338900,10664,276.59054000,5731487.95243460,0
1656435600000,20715.57000000,20725.00000000,20600.00000000,20607.09000000,669.92683000,1656436499999,13843003.69345260,12051,333.27939000,6886103.94676280,0
1656436500000,20607.08000000,20658.30000000,20596.34000000,20651.33000000,473.88083000,1656437399999,9775837.58972740,10796,257.31785000,5307613.63343900,0
1656437400000,20651.33000000,20694.63000000,20611.27000000,20643.75000000,561.07598000,1656438299999,11589286.03415680,9270,269.08751000,5558384.96504260,0
1656438300000,20643.75000000,20660.00000000,20596.81000000,20630.01000000,571.69139000,1656439199999,11792866.83017000,11702,273.78075000,5647215.95971960,0
1656439200000,20630.02000000,20638.70000000,20343.98000000,20371.42000000,2401.13540000,1656440099999,49152507.15106710,31582,963.12438000,19708986.96124420,0
1656440100000,20371.42000000,20380.54000000,20264.01000000,20325.79000000,1682.83109000,1656440999999,34181090.82218830,24984,741.06835000,15052504.14822280,0
1656441000000,20325.79000000,20368.33000000,20259.33000000,20358.87000000,922.59945000,1656441899999,18739228.39076300,14196,426.74649000,8667766.61697260,0
1656441900000,20358.88000000,20431.41000000,20332.88000000,20349.08000000,872.19888000,1656442799999,17769318.98077880,14029,418.73396000,8531952.26425220,0
1656442800000,20349.07000000,20349.42000000,20300.00000000,20316.22000000,703.63994000,1656443699999,14299279.18952680,13277,292.19592000,5937863.38660210,0
1656443700000,20316.21000000,20330.06000000,20287.12000000,20302.95000000,629.83556000,1656444599999,12788453.27802810,12577,257.32304000,5224433.15275260,0
1656444600000,20302.94000000,20362.47000000,20292.33000000,20297.18000000,519.15636000,1656445499999,10549898.19300210,9553,235.34462000,4782414.79494430,0
1656445500000,20297.19000000,20320.00000000,20218.00000000,20255.01000000,748.98552000,1656446399999,15170826.31782880,13099,343.60474000,6959615.97221490,0
1656446400000,20255.01000000,20284.79000000,20220.00000000,20262.10000000,502.17523000,1656447299999,10167515.66216580,9590,254.44480000,5151509.04237080,0
1656447300000,20262.09000000,20314.79000000,20227.01000000,20298.09000000,536.42231000,1656448199999,10870165.74668070,8700,265.11313000,5372202.77310760,0
1656448200000,20298.09000000,20316.01000000,20202.01000000,20287.40000000,551.11338000,1656449099999,11164507.18143790,9806,283.99838000,5753630.37069560,0
1656449100000,20287.39000000,20321.92000000,20266.11000000,20277.57000000,392.31684000,1656449999999,7959430.53567230,7300,219.61851000,4455349.13715800,0
1656450000000,20277.58000000,20355.28000000,20274.31000000,20336.03000000,394.54514000,1656450899999,8014675.85084390,8136,244.79303000,4972305.93864400,0
1656450900000,20336.02000000,20358.82000000,20294.67000000,20353.39000000,325.95398000,1656451799999,6626498.23030750,8061,157.02701000,3192357.15593230,0
1656451800000,20353.39000000,20395.33000000,20327.52000000,20373.57000000,268.02633000,1656452699999,5456796.11179760,8407,128.94155000,2625203.65492790,0
1656452700000,20373.57000000,20397.47000000,20357.14000000,20393.44000000,209.90638000,1656453599999,4278217.06638080,6096,94.03641000,1916697.36002270,0
1656453600000,20393.43000000,20425.90000000,20331.58000000,20409.36000000,679.99760000,1656454499999,13859883.67636080,11981,299.95999000,6113923.68576640,0
1656454500000,20409.35000000,20463.20000000,20387.52000000,20403.21000000,554.34973000,1656455399999,11315207.84239580,9959,262.39826000,5355919.23649830,0
1656455400000,20403.20000000,20412.43000000,20268.05000000,20311.62000000,514.10685000,1656456299999,10456340.63655330,11462,237.03836000,4819888.93172630,0
1656456300000,20311.62000000,20348.24000000,20281.88000000,20308.02000000,292.03860000,1656457199999,5933356.95494720,7921,141.56365000,2875951.23379330,0
1656457200000,20308.01000000,20344.23000000,20260.10000000,20330.63000000,708.08088000,1656458099999,14381190.98528090,12228,334.29668000,6789047.88473870,0
1656458100000,20330.64000000,20367.41000000,20290.50000000,20340.92000000,374.55459000,1656458999999,7614345.73390900,7520,174.69046000,3551036.31104100,0
1656459000000,20340.91000000,20356.24000000,20231.49000000,20253.36000000,786.83069000,1656459899999,15956662.24335920,11797,367.22658000,7446154.67736190,0
1656459900000,20253.36000000,20297.29000000,20210.00000000,20281.29000000,637.57808000,1656460799999,12918197.55874030,10198,304.23351000,6163973.03624750,0
1656460800000,20281.28000000,20314.76000000,20152.00000000,20286.05000000,1294.92129000,1656461699999,26224123.05385040,18233,612.76247000,12413276.45755260,0
1656461700000,20286.04000000,20360.12000000,20259.68000000,20360.11000000,638.78736000,1656462599999,12977249.60760670,11276,348.47831000,7079064.17508790,0
1656462600000,20360.12000000,20388.79000000,20266.79000000,20300.68000000,511.91658000,1656463499999,10403028.10827850,9462,266.45697000,5415232.06229680,0
1656463500000,20300.69000000,20328.46000000,20233.09000000,20289.83000000,581.65905000,1656464399999,11797522.61282250,10115,284.94993000,5778213.71447120,0
1656464400000,20289.83000000,20331.82000000,20236.34000000,20312.82000000,481.39730000,1656465299999,9763620.49994440,8763,232.91885000,4723981.07421410,0
1656465300000,20312.81000000,20356.95000000,20305.86000000,20349.98000000,352.44636000,1656466199999,7166266.01514380,7450,182.92310000,3719337.10369580,0
1656466200000,20349.98000000,20373.94000000,20328.80000000,20353.43000000,470.91394000,1656467099999,9580989.93298400,8048,240.25035000,4887579.63223450,0
1656467100000,20353.42000000,20385.00000000,20327.91000000,20357.67000000,247.43492000,1656467999999,5036532.70446530,6720,122.42422000,2491790.45416830,0
1656468000000,20357.66000000,20398.00000000,20331.63000000,20363.33000000,393.47013000,1656468899999,8010817.29811590,8147,195.23550000,3974419.60865500,0
1656468900000,20363.33000000,20377.50000000,20289.96000000,20305.25000000,384.03500000,1656469799999,7805729.55910600,8232,196.75878000,3998944.55355470,0
1656469800000,20305.24000000,20363.63000000,20283.87000000,20358.26000000,359.30029000,1656470699999,7304449.12305990,7058,167.22147000,3400008.97219120,0
1656470700000,20358.27000000,20389.42000000,20335.99000000,20347.46000000,315.21598000,1656471599999,6419360.99631890,7263,142.66651000,2905209.73620840,0
1656471600000,20347.47000000,20373.34000000,20324.64000000,20363.61000000,296.27177000,1656472499999,6030227.55078730,6237,142.33354000,2896798.74599770,0
1656472500000,20363.60000000,20386.29000000,20305.06000000,20383.47000000,567.94334000,1656473399999,11560361.44381170,9328,287.94567000,5861045.56830060,0
1656473400000,20383.46000000,20390.84000000,20322.29000000,20353.55000000,341.44751000,1656474299999,6950136.27803690,6903,144.23111000,2935638.59949330,0
1656474300000,20353.55000000,20377.11000000,20231.23000000,20282.96000000,2166.34509000,1656475199999,43909244.69082860,20207,1445.94218000,29300001.33647780,0
1656475200000,20282.96000000,20347.33000000,20270.76000000,20336.64000000,513.45688000,1656476099999,10426961.12111150,9499,243.03287000,4935344.57879930,0
1656476100000,20336.64000000,20340.70000000,20253.04000000,20319.99000000,528.96672000,1656476999999,10733552.56124540,8825,263.89925000,5354452.51924950,0
1656477000000,20319.99000000,20364.76000000,20287.39000000,20336.99000000,396.91426000,1656477899999,8071170.09951770,7629,202.07541000,4108944.47013290,0
1656477900000,20336.99000000,20371.75000000,20250.00000000,20307.37000000,720.73705000,1656478799999,14641397.38695820,9902,410.46993000,8338896.27122700,0
1656478800000,20307.38000000,20319.71000000,20269.76000000,20276.10000000,335.86974000,1656479699999,6814310.32504660,6982,138.42063000,2808109.99312280,0
1656479700000,20276.10000000,20381.10000000,20222.00000000,20265.69000000,834.32347000,1656480599999,16932588.96543970,11126,437.95778000,8890869.06034050,0
1656480600000,20265.70000000,20267.91000000,20178.11000000,20208.74000000,951.76674000,1656481499999,19238675.86518240,14288,415.02765000,8388337.38675270,0
1656481500000,20208.74000000,20238.05000000,20071.64000000,20182.80000000,1945.97990000,1656482399999,39179088.72391580,25047,970.99820000,19546286.59119260,0
1656482400000,20182.81000000,20186.46000000,20050.00000000,20117.74000000,980.67529000,1656483299999,19727865.74243180,13939,432.10952000,8693254.78591150,0
1656483300000,20117.73000000,20176.04000000,20035.00000000,20169.08000000,992.82815000,1656484199999,19962997.45662780,13942,521.18988000,10479298.76477270,0
1656484200000,20169.08000000,20211.89000000,20092.72000000,20127.71000000,705.51418000,1656485099999,14214509.30370150,11698,359.24971000,7237656.48720630,0
1656485100000,20127.72000000,20155.00000000,19889.00000000,19941.82000000,2757.78785000,1656485999999,55138695.45021840,35616,985.86944000,19713143.12447230,0
1656486000000,19941.82000000,20013.16000000,19900.57000000,19967.60000000,1310.33288000,1656486899999,26152518.53943070,18768,673.57824000,13443166.30218090,0
1656486900000,19967.59000000,20074.79000000,19965.00000000,20070.72000000,914.33335000,1656487799999,18312448.90511920,12993,542.27243000,10860020.21095590,0
1656487800000,20070.72000000,20109.45000000,20038.78000000,20078.63000000,674.22393000,1656488699999,13535184.91641320,11112,327.64702000,6577483.51871140,0
1656488700000,20078.63000000,20133.10000000,20064.87000000,20093.75000000,618.59329000,1656489599999,12431603.68708930,9558,295.61125000,5940671.99488060,0
1656489600000,20093.74000000,20149.00000000,20070.17000000,20108.97000000,627.73906000,1656490499999,12623236.75254600,9142,319.32526000,6421772.17982660,0
1656490500000,20108.97000000,20138.04000000,20048.82000000,20074.47000000,536.53516000,1656491399999,10784457.94040300,9488,232.21720000,4667103.67958690,0
1656491400000,20074.46000000,20104.49000000,20010.50000000,20033.12000000,558.51106000,1656492299999,11203185.73422880,9065,237.31256000,4760361.60688390,0
1656492300000,20033.12000000,20052.23000000,19961.81000000,19990.38000000,687.58678000,1656493199999,13758171.50390710,10823,316.06785000,6323256.19430540,0
1656493200000,19990.38000000,20127.76000000,19971.01000000,20092.63000000,756.79047000,1656494099999,15175276.27813100,11386,391.21698000,7846373.03653210,0
1656494100000,20092.63000000,20207.00000000,20085.56000000,20182.61000000,1101.51843000,1656494999999,22188715.02283870,12068,647.54186000,13043775.53082110,0
1656495000000,20182.61000000,20233.98000000,20100.97000000,20110.01000000,1073.20007000,1656495899999,21632560.99420050,11681,482.73480000,9731687.72467890,0
1656495900000,20110.02000000,20115.05000000,20043.74000000,20063.27000000,666.79611000,1656496799999,13385732.87747640,9813,293.26466000,5886986.59601480,0
1656496800000,20063.26000000,20117.31000000,20051.76000000,20107.68000000,573.25157000,1656497699999,11516099.44846340,9988,318.96407000,6407611.08991170,0
1656497700000,20107.69000000,20125.66000000,20075.10000000,20091.90000000,544.47782000,1656498599999,10942936.19070250,9386,277.34028000,5573689.45467540,0
1656498600000,20091.91000000,20107.15000000,20040.45000000,20071.07000000,996.35925000,1656499499999,20001581.35234070,11767,457.56567000,9185941.95688050,0
1656499500000,20071.08000000,20147.12000000,20025.00000000,20097.00000000,923.91234000,1656500399999,18562205.26953010,12326,481.22145000,9667203.81445090,0
1656500400000,20097.00000000,20113.84000000,19952.00000000,19967.97000000,1012.31993000,1656501299999,20280288.15015040,14127,411.22238000,8236161.10499280,0
1656501300000,19967.96000000,20032.39000000,19854.92000000,20000.65000000,1849.12903000,1656502199999,36878312.90027200,22925,835.49582000,16664599.27266510,0
1656502200000,20000.65000000,20118.24000000,19996.17000000,20055.73000000,984.54078000,1656503099999,19752961.98948530,14182,530.45821000,10643195.04008160,0
1656503100000,20055.73000000,20122.43000000,20002.00000000,20104.80000000,810.70562000,1656503999999,16265643.69543550,11896,404.88055000,8124893.86816960,0
1656504000000,20104.81000000,20155.86000000,20099.06000000,20109.20000000,877.41445000,1656504899999,17659653.60437820,12627,439.65694000,8848735.82098800,0
1656504900000,20109.20000000,20189.13000000,20044.97000000,20079.51000000,885.17366000,1656505799999,17800390.07010420,13526,432.08556000,8689704.98343420,0
1656505800000,20079.51000000,20100.00000000,19977.18000000,20043.24000000,1551.58504000,1656506699999,31085365.20105360,18548,689.14310000,13807137.12941420,0
1656506700000,20043.24000000,20100.61000000,20000.00000000,20014.12000000,758.46302000,1656507599999,15198038.05043990,12117,340.62996000,6825272.40012120,0
1656507600000,20014.12000000,20123.45000000,20014.12000000,20104.55000000,711.27478000,1656508499999,14280808.67036290,11875,342.39211000,6873387.22925330,0
1656508500000,20104.56000000,20139.04000000,20070.24000000,20122.70000000,796.03157000,1656509399999,16004701.25782860,11243,397.98441000,8001639.48221760,0
1656509400000,20122.70000000,20141.89000000,19907.46000000,19935.97000000,1916.86300000,1656510299999,38355052.86004150,24585,895.63381000,17920726.07715550,0
1656510300000,19935.96000000,20131.88000000,19892.97000000,20083.99000000,1761.79736000,1656511199999,35293806.32263380,23434,924.63454000,18526948.28828170,0
1656511200000,20083.99000000,20177.31000000,20060.09000000,20119.51000000,1255.95618000,1656512099999,25279727.56779680,20337,645.98071000,13001248.52697090,0
1656512100000,20119.51000000,20149.84000000,20036.71000000,20118.56000000,1073.50515000,1656512999999,21563454.54334660,19703,579.74938000,11645221.77365060,0
1656513000000,20118.56000000,20150.00000000,20050.10000000,20124.45000000,731.63132000,1656513899999,14712370.92027090,14547,362.27213000,7284386.02314750,0
1656513900000,20124.44000000,20254.20000000,20115.00000000,20126.02000000,1171.69142000,1656514799999,23627526.10165300,17891,727.78406000,14682748.92345320,0
1656514800000,20126.01000000,20142.79000000,20052.70000000,20069.12000000,1041.22009000,1656515699999,20918519.56172760,18419,599.18665000,12036298.82185590,0
1656515700000,20069.12000000,20086.52000000,20000.00000000,20064.34000000,1006.98709000,1656516599999,20172212.34874160,18309,383.36739000,7681208.30287920,0
1656516600000,20064.35000000,20081.77000000,20030.01000000,20059.49000000,479.58617000,1656517499999,9620068.10279370,12461,245.66012000,4927127.57373700,0
1656517500000,20059.49000000,20124.71000000,20050.01000000,20084.48000000,632.72395000,1656518399999,12716313.14549390,13317,306.69505000,6164120.07817970,0
1656518400000,20084.48000000,20094.43000000,20031.20000000,20067.79000000,486.84856000,1656519299999,9766482.07807350,11514,221.53307000,4443544.11534480,0
1656519300000,20067.79000000,20100.00000000,19986.08000000,20020.91000000,933.03305000,1656520199999,18689742.37947140,13899,349.87009000,7011036.13416160,0
1656520200000,20020.91000000,20039.31000000,19980.99000000,20037.16000000,668.02131000,1656521099999,13367964.53765170,12835,342.94806000,6862310.39131240,0
1656521100000,20037.16000000,20050.00000000,19980.71000000,20020.87000000,675.38780000,1656521999999,13513443.24303400,11175,344.22572000,6887066.70737410,0
1656522000000,20020.87000000,20050.00000000,19952.00000000,19966.80000000,630.48010000,1656522899999,12615297.96386450,10889,288.41443000,5770839.40359890,0
1656522900000,19966.79000000,20022.61000000,19921.85000000,20014.87000000,771.37679000,1656523799999,15400591.87117990,11743,365.31851000,7293666.17898680,0
1656523800000,20014.88000000,20036.11000000,19959.08000000,20036.11000000,639.37788000,1656524699999,12782930.28731600,9962,317.56430000,6349223.06588230,0
1656524700000,20036.11000000,20081.38000000,20011.94000000,20081.37000000,642.78399000,1656525599999,12884564.24983500,9215,314.87319000,6310995.16325700,0
1656525600000,20081.38000000,20123.00000000,20073.62000000,20100.04000000,768.73020000,1656526499999,15451441.20589200,11507,477.82448000,9604255.27788790,0
1656526500000,20100.05000000,20118.32000000,20055.00000000,20108.81000000,405.49760000,1656527399999,8144223.67309430,10862,219.27009000,4403833.35204540,0
1656527400000,20108.81000000,20109.84000000,20060.40000000,20064.67000000,328.10566000,1656528299999,6588448.13093800,6888,151.25768000,3037204.25415490,0
1656528300000,20064.67000000,20091.64000000,20036.30000000,20052.68000000,321.02416000,1656529199999,6441648.11933310,7236,149.21290000,2994044.98818540,0
1656529200000,20052.67000000,20108.58000000,20036.94000000,20093.99000000,399.20127000,1656530099999,8012739.96765090,8306,181.30747000,3639013.77544220,0
1656530100000,20094.00000000,20154.75000000,20091.97000000,20142.35000000,446.55766000,1656530999999,8986562.16901790,8703,219.62112000,4419683.17784430,0
1656531000000,20142.36000000,20151.61000000,20100.00000000,20128.28000000,262.32741000,1656531899999,5278505.13501510,7005,119.28153000,2400169.06233180,0
1656531900000,20128.27000000,20268.00000000,20095.49000000,20223.63000000,1050.04522000,1656532799999,21204532.43536160,14511,514.25016000,10384774.77615340,0
1656532800000,20223.63000000,20432.31000000,20218.23000000,20312.07000000,1748.07409000,1656533699999,35557584.81117270,25577,950.36047000,19329054.73817480,0
1656533700000,20312.08000000,20369.19000000,20265.17000000,20267.81000000,633.31764000,1656534599999,12864455.90827830,10276,264.00145000,5362301.88497360,0
1656534600000,20267.81000000,20270.53000000,20128.00000000,20145.12000000,712.33593000,1656535499999,14375350.79166670,14041,316.70437000,6389684.95843680,0
1656535500000,20145.12000000,20224.05000000,20135.01000000,20224.04000000,472.34073000,1656536399999,9527514.60743400,9072,256.87031000,5181012.10117360,0
1656536400000,20224.04000000,20297.49000000,20196.80000000,20290.75000000,396.17143000,1656537299999,8018787.05046060,7995,202.63008000,4100858.39229880,0
1656537300000,20290.75000000,20357.06000000,20250.18000000,20313.11000000,375.20780000,1656538199999,7618146.33502440,8310,178.69228000,3627889.62078100,0
1656538200000,20313.11000000,20337.41000000,20286.04000000,20335.10000000,193.06908000,1656539099999,3922094.61498670,5425,101.34143000,2058623.25385570,0
1656539100000,20335.10000000,20342.00000000,20268.78000000,20295.35000000,478.93440000,1656539999999,9723760.90032620,9173,184.55340000,3747419.84618520,0
1656540000000,20295.35000000,20318.83000000,20273.22000000,20315.02000000,324.06989000,1656540899999,6577149.86513920,7478,169.48719000,3439688.13444380,0
1656540900000,20315.02000000,20326.12000000,20201.00000000,20201.00000000,2872.75391000,1656541799999,58149091.53516540,44146,1197.27056000,24232158.57329790,0
1656541800000,20201.00000000,20216.24000000,20151.77000000,20192.06000000,2307.68352000,1656542699999,46577408.12757780,35766,974.32065000,19664962.60348380,0
1656542700000,20192.06000000,20240.40000000,20160.40000000,20213.64000000,377.67213000,1656543599999,7629260.91008630,6636,214.29827000,4328705.28919260,0
1656543600000,20213.64000000,20218.89000000,20083.66000000,20126.69000000,617.51407000,1656544499999,12439701.15366790,10067,271.46108000,5467645.87779100,0
1656544500000,20126.70000000,20145.74000000,20075.52000000,20087.67000000,617.74612000,1656545399999,12420758.90978650,9138,316.94311000,6372824.12274450,0
1656545400000,20087.66000000,20144.63000000,20081.43000000,20084.13000000,382.58743000,1656546299999,7691107.30683230,6564,209.16528000,4204530.74178020,0
1656546300000,20084.12000000,20124.95000000,20052.74000000,20123.01000000,429.67964000,1656547199999,8635896.78120200,7354,246.65517000,4957344.98855650,0
1656547200000,20123.00000000,20179.08000000,20073.18000000,20141.96000000,700.03802000,1656548099999,14088676.99043540,11288,369.46450000,7435575.08069460,0
1656548100000,20141.95000000,20146.35000000,20045.00000000,20072.96000000,573.22766000,1656548999999,11520067.64600580,10556,266.43763000,5354092.55549040,0
1656549000000,20072.95000000,20121.21000000,20011.17000000,20046.99000000,746.37764000,1656549899999,14970503.88621820,11216,343.17363000,6882899.80506130,0
1656549900000,20046.98000000,20080.40000000,20030.09000000,20037.92000000,366.51347000,1656550799999,7352090.62049780,7161,190.59269000,3823028.81450400,0
1656550800000,20037.91000000,20084.99000000,20019.25000000,20074.87000000,526.65751000,1656551699999,10563659.70042510,9068,288.05711000,5777242.93775610,0
1656551700000,20074.87000000,20079.98000000,19951.08000000,20022.65000000,1152.78279000,1656552599999,23054113.82888380,14967,504.91414000,10097218.35382220,0
1656552600000,20022.65000000,20059.71000000,19957.85000000,20050.01000000,488.22352000,1656553499999,9772048.94318060,9181,256.66507000,5137428.50079210,0
1656553500000,20050.02000000,20071.63000000,20012.72000000,20018.44000000,537.38931000,1656554399999,10772432.55138800,8016,297.56727000,5964900.21950040,0
1656554400000,20018.45000000,20070.78000000,20001.50000000,20049.94000000,285.36830000,1656555299999,5719304.23630640,6041,147.83205000,2962742.06644660,0
1656555300000,20049.94000000,20090.39000000,20049.93000000,20077.56000000,277.06484000,1656556199999,5561662.51557900,5452,160.02741000,3212021.26899130,0
1656556200000,20077.55000000,20121.74000000,20077.55000000,20097.51000000,382.21772000,1656557099999,7681620.39840590,8041,192.87901000,3876296.90643770,0
1656557100000,20097.51000000,20100.72000000,20068.49000000,20083.78000000,258.64322000,1656557999999,5194089.74653500,5363,118.00382000,2369658.53433760,0
1656558000000,20083.78000000,20097.09000000,20051.68000000,20083.18000000,326.55016000,1656558899999,6555528.37419530,5625,158.41645000,3179975.88844750,0
1656558900000,20083.18000000,20096.12000000,20047.73000000,20094.32000000,358.59261000,1656559799999,7198353.39797590,5754,191.71860000,3848127.70497400,0
1656559800000,20094.31000000,20096.77000000,20050.13000000,20079.96000000,275.69270000,1656560699999,5532648.88740190,5848,125.80361000,2524441.02413420,0
1656560700000,20079.96000000,20089.17000000,20047.73000000,20077.01000000,230.70834000,1656561599999,4630380.14307950,5463,118.50659000,2378376.60358430,0
1656561600000,20077.01000000,20091.15000000,20050.00000000,20052.19000000,514.09786000,1656562499999,10319720.16969560,8568,259.31998000,5205540.19226460,0
1656562500000,20052.19000000,20085.11000000,20047.96000000,20061.60000000,286.73088000,1656563399999,5753163.10678620,5773,159.52483000,3200684.68307660,0
1656563400000,20061.61000000,20078.13000000,20047.73000000,20074.05000000,302.25506000,1656564299999,6065055.19523140,4604,193.78619000,3888651.89502740,0
1656564300000,20074.05000000,20086.25000000,20010.83000000,20052.28000000,558.43396000,1656565199999,11196422.56908500,8290,266.94175000,5351492.45371890,0
1656565200000,20052.28000000,20070.00000000,19987.36000000,19987.36000000,512.19108000,1656566099999,10255562.50514460,7997,173.82055000,3481060.35130650,0
1656566100000,19987.36000000,20035.15000000,19964.55000000,20031.33000000,540.67650000,1656566999999,10811844.57256410,8456,243.81675000,4875681.39954070,0
1656567000000,20031.33000000,20062.23000000,19999.45000000,20001.02000000,524.61648000,1656567899999,10505628.33702480,7881,255.34475000,5113301.59302890,0
1656567900000,20001.01000000,20027.46000000,19977.56000000,20001.75000000,330.10305000,1656568799999,6603307.54199050,6210,176.98000000,3540060.04219850,0
1656568800000,20001.75000000,20028.47000000,19964.00000000,19986.19000000,385.48279000,1656569699999,7706471.94858590,7422,188.37284000,3765716.06208120,0
1656569700000,19986.19000000,19991.44000000,19800.00000000,19800.00000000,1251.33901000,1656570599999,24889952.00214790,17293,428.52625000,8532174.00881280,0
1656570600000,19800.00000000,19800.01000000,19420.00000000,19510.90000000,4654.10824000,1656571499999,91047516.00231940,63991,1820.45566000,35600662.21744060,0
1656571500000,19510.89000000,19523.68000000,19355.00000000,19420.34000000,1433.32075000,1656572399999,27883363.20234870,22152,625.12036000,12162810.87022180,0
1656572400000,19420.33000000,19449.40000000,19353.16000000,19383.19000000,1321.94186000,1656573299999,25655355.21419360,18771,667.55403000,12955109.32763600,0
1656573300000,19383.18000000,19467.79000000,19310.00000000,19433.44000000,1131.96579000,1656574199999,21953376.47655880,17333,525.95438000,10202903.28318860,0
1656574200000,19433.43000000,19438.71000000,19386.08000000,19416.85000000,643.06575000,1656575099999,12484898.52647690,11817,319.34426000,6199625.79590790,0
1656575100000,19416.85000000,19445.00000000,19375.30000000,19435.90000000,673.10610000,1656575999999,13060811.68453970,11303,352.91228000,6847438.34427220,0
1656576000000,19435.89000000,19440.73000000,19343.95000000,19381.10000000,901.73877000,1656576899999,17487115.80386530,12342,456.97335000,8861275.32890460,0
1656576900000,19381.10000000,19386.15000000,19240.00000000,19323.21000000,1362.82272000,1656577799999,26312697.51312330,18571,588.24878000,11359825.39841640,0
1656577800000,19323.21000000,19341.83000000,19273.07000000,19306.35000000,965.84473000,1656578699999,18639793.93077160,13079,529.46135000,10217195.95286750,0
1656578700000,19306.34000000,19306.35000000,19134.02000000,19234.06000000,1252.93118000,1656579599999,24105892.21303430,17763,557.05678000,10721622.89366280,0
1656579600000,19234.06000000,19260.60000000,19000.00000000,19085.47000000,2690.88775000,1656580499999,51397894.97975660,36177,1147.52432000,21928940.56476190,0
1656580500000,19085.47000000,19121.51000000,18954.60000000,18962.86000000,1978.86264000,1656581399999,37648944.63470940,28184,846.48665000,16105967.04557820,0
1656581400000,18962.87000000,19063.53000000,18921.59000000,19007.09000000,1500.59835000,1656582299999,28526361.74155610,21271,697.58783000,13261944.27730020,0
1656582300000,19007.09000000,19192.00000000,19007.09000000,19154.16000000,1651.19207000,1656583199999,31576924.27677970,24717,863.83901000,16517594.51507680,0
1656583200000,19154.16000000,19169.71000000,19102.19000000,19151.44000000,798.99161000,1656584099999,15288121.04503200,16352,369.30564000,7066405.49116460,0
1656584100000,19151.45000000,19171.82000000,19075.20000000,19085.80000000,792.59363000,1656584999999,15152885.01267440,14767,351.81874000,6726281.26048200,0
1656585000000,19085.81000000,19103.41000000,19044.00000000,19089.44000000,939.35234000,1656585899999,17924430.96153180,12393,324.29911000,6187853.58486340,0
1656585900000,19089.43000000,19119.90000000,18987.88000000,19108.64000000,1183.09063000,1656586799999,22530165.02842590,18340,541.84477000,10319411.75099450,0
1656586800000,19108.64000000,19110.76000000,19021.71000000,19085.76000000,849.08046000,1656587699999,16195728.65560820,13920,363.03362000,6923774.82679700,0
1656587700000,19085.77000000,19097.75000000,19037.42000000,19093.43000000,575.42894000,1656588599999,10972393.40657100,11790,296.57669000,5655201.28899610,0
1656588600000,19093.43000000,19188.97000000,19036.47000000,19040.26000000,1269.43707000,1656589499999,24256976.42841570,18602,613.19873000,11720616.23756440,0
1656589500000,19040.25000000,19117.94000000,19013.35000000,19101.36000000,745.74065000,1656590399999,14209138.63590090,12866,407.85675000,7771447.41112670,0
1656590400000,19101.35000000,19133.50000000,19069.36000000,19088.41000000,676.00169000,1656591299999,12909071.37849850,11867,330.90597000,6318842.80121590,0
1656591300000,19088.41000000,19152.83000000,19064.30000000,19146.56000000,614.58142000,1656592199999,11750105.65132080,11514,335.00247000,6405022.02581020,0
1656592200000,19146.55000000,19295.10000000,19146.54000000,19258.98000000,1948.67013000,1656593099999,37480190.28207670,26947,1075.38819000,20684307.65233850,0
1656593100000,19258.97000000,19341.26000000,19173.63000000,19204.37000000,1183.68070000,1656593999999,22778857.37267600,19351,525.52005000,10115652.37321440,0
1656594000000,19204.36000000,19266.70000000,19160.65000000,19187.93000000,994.08266000,1656594899999,19100782.68334680,14089,401.16415000,7708173.13471660,0
1656594900000,19187.93000000,19235.53000000,19163.68000000,19226.08000000,715.53413000,1656595799999,13741057.14249870,12072,371.29479000,7130300.76398240,0
1656595800000,19226.08000000,19254.25000000,18756.71000000,18804.54000000,3205.48321000,1656596699999,60881798.48918470,42359,1264.45867000,24031258.01473010,0
1656596700000,18804.55000000,18980.59000000,18798.06000000,18868.29000000,2405.60684000,1656597599999,45429911.01806290,32661,1152.74136000,21769696.45653620,0
1656597600000,18868.30000000,18994.45000000,18860.00000000,18975.68000000,1327.58393000,1656598499999,25099380.31158180,19251,660.73435000,12493097.92580030,0
1656598500000,18975.68000000,18991.87000000,18920.00000000,18940.88000000,856.29614000,1656599399999,16229024.64145570,14978,455.03055000,8623628.77132920,0
1656599400000,18940.88000000,19100.00000000,18927.72000000,19018.71000000,1325.40682000,1656600299999,25223040.28270630,20693,674.35784000,12832498.51112110,0
1656600300000,19018.71000000,19160.00000000,19017.81000000,19123.18000000,1123.43704000,1656601199999,21459171.75278600,18716,617.60771000,11796691.55085850,0
1656601200000,19123.19000000,19177.00000000,19101.01000000,19160.00000000,960.14624000,1656602099999,18378522.83192720,14924,493.65463000,9449559.39652340,0
1656602100000,19160.01000000,19258.43000000,19123.78000000,19200.22000000,1319.17554000,1656602999999,25317676.04040750,19849,724.85502000,13914780.44296570,0
1656603000000,19200.22000000,19226.32000000,19155.79000000,19182.32000000,731.80278000,1656603899999,14036739.49352160,13632,370.49553000,7106248.79298070,0
1656603900000,19182.32000000,19245.88000000,19091.88000000,19143.98000000,966.40585000,1656604799999,18515612.20867370,17172,482.53024000,9244145.34988710,0
1656604800000,19143.97000000,19162.16000000,19068.64000000,19115.59000000,825.98784000,1656605699999,15790472.70214200,15096,380.09130000,7266417.24772620,0
1656605700000,19115.59000000,19229.34000000,19090.08000000,19198.31000000,834.71950000,1656606599999,15996817.32965590,15308,432.08444000,8280123.52750120,0
1656606600000,19198.31000000,19295.89000000,19142.00000000,19155.01000000,1095.46366000,1656607499999,21043653.84296270,17426,552.40693000,10613119.64809740,0
1656607500000,19155.01000000,19194.03000000,19125.00000000,19140.42000000,586.73438000,1656608399999,11236745.92090590,11163,292.93106000,5609328.40846110,0
1656608400000,19140.42000000,19152.90000000,19075.98000000,19089.98000000,516.33129000,1656609299999,9867902.51910840,10811,259.23734000,4954225.33501230,0
1656609300000,19089.99000000,19128.36000000,19071.43000000,19102.17000000,468.19819000,1656610199999,8941095.52474340,9659,255.08845000,4871227.53523500,0
1656610200000,19102.18000000,19222.00000000,19102.17000000,19129.58000000,664.00435000,1656611099999,12727052.76743490,11809,344.14071000,6595455.32118210,0
1656611100000,19129.58000000,19172.56000000,19102.15000000,19105.67000000,446.17692000,1656611999999,8539453.03470560,9281,226.24071000,4329704.87405140,0
1656612000000,19105.67000000,19126.26000000,19079.61000000,19082.48000000,552.92013000,1656612899999,10563479.01122580,9565,307.08169000,5866329.56029390,0
1656612900000,19082.47000000,19102.76000000,19026.78000000,19054.54000000,612.97490000,1656613799999,11689934.84613210,10696,311.68604000,5943858.09252130,0
1656613800000,19054.54000000,19078.54000000,18962.87000000,18986.14000000,1054.73209000,1656614699999,20066616.44379510,15048,445.93448000,8483813.18507760,0
1656614700000,18986.14000000,19028.48000000,18961.90000000,18973.86000000,678.68882000,1656615599999,12889614.60252770,11339,363.44818000,6902440.43517550,0
1656615600000,18973.86000000,18992.97000000,18937.69000000,18953.73000000,746.31704000,1656616499999,14150883.29242470,12009,353.30943000,6698786.28232350,0
1656616500000,18953.73000000,19046.39000000,18890.04000000,18981.55000000,905.07714000,1656617399999,17158252.73069610,13501,493.37331000,9355635.43314360,0
1656617400000,18981.55000000,19043.21000000,18883.30000000,18898.95000000,885.98661000,1656618299999,16810800.30442300,12770,522.94515000,9924344.24862780,0
1656618300000,18898.95000000,18972.97000000,18850.21000000,18927.34000000,848.40140000,1656619199999,16047327.89083580,14184,481.68405000,9110721.59269540,0
1656619200000,18927.33000000,19015.41000000,18890.00000000,19003.09000000,744.94433000,1656620099999,14108360.41295000,13000,415.20148000,7863099.87864280,0
1656620100000,19003.09000000,19075.49000000,18980.00000000,19029.19000000,830.26102000,1656620999999,15798443.58494950,12582,499.01640000,9494455.51867160,0
1656621000000,19029.19000000,19040.98000000,18820.62000000,18844.11000000,953.76928000,1656621899999,18043284.50267090,14668,439.93267000,8322542.81061310,0
1656621900000,18844.11000000,18868.21000000,18626.00000000,18755.93000000,1973.30762000,1656622799999,36957792.24411510,27899,876.73305000,16421278.17399170,0
1656622800000,18755.93000000,18937.33000000,18724.18000000,18894.49000000,1172.01831000,1656623699999,22074822.26489280,19218,664.69873000,12517336.22885400,0
1656623700000,18894.48000000,18943.59000000,18862.87000000,18862.88000000,598.01772000,1656624599999,11305881.89940130,11185,323.56301000,6117081.02673880,0
1656624600000,18862.88000000,18967.57000000,18850.01000000,18866.35000000,469.78866000,1656625499999,8885559.04071340,10170,217.19808000,4108148.35009430,0
1656625500000,18866.35000000,18917.56000000,18807.16000000,18819.80000000,340.46345000,1656626399999,6423183.44527180,8801,146.99053000,2773148.83454550,0
1656626400000,18819.79000000,18847.84000000,18740.83000000,18778.75000000,886.84402000,1656627299999,16660594.90840180,13313,404.40602000,7596691.11171710,0
1656627300000,18778.75000000,18899.10000000,18763.77000000,18850.00000000,881.33182000,1656628199999,16599261.87796850,12831,437.06674000,8230920.87516570,0
1656628200000,18850.00000000,18929.56000000,18847.85000000,18904.70000000,676.19162000,1656629099999,12783929.08876280,9797,328.36227000,6206881.41482580,0
1656629100000,18904.69000000,18957.08000000,18882.07000000,18894.54000000,562.25973000,1656629999999,10635969.09726970,8761,271.95618000,5144199.43138950,0
1656630000000,18894.53000000,18995.36000000,18881.51000000,18974.06000000,732.07953000,1656630899999,13876083.94122810,11239,343.59750000,6511130.49495310,0
1656630900000,18974.07000000,19029.20000000,18946.52000000,19017.33000000,823.16915000,1656631799999,15631017.43534680,13388,385.32479000,7316099.28839920,0
1656631800000,19017.33000000,19148.00000000,19008.03000000,19070.98000000,1046.10698000,1656632699999,19965498.12822280,14052,591.69402000,11291470.07988100,0
1656632700000,19070.98000000,19980.00000000,19057.18000000,19942.21000000,7071.40893000,1656633599999,138808547.62587170,79484,3801.87200000,74584362.52672230,0
